0.002239
0.001182
0.001598
0.000973
0.001318
0.001227
0.001524
0.001041
0.000908
0.000885
0.001003
0.000922
0.000887
0.000907
0.000873
0.000939
0.000911
0.000905
0.000926
0.000926
0.000894
0.000967
0.000887
0.000877
0.000951
0.000885
0.000892
0.000924
0.000956
0.000891
0.000886
0.000962
0.001064
0.000982
0.001657
0.001389
0.001144
0.001041
0.001004
0.001226
0.001569
0.000884
0.000936
0.000987
0.000883
0.000979
0.00088
0.000948
0.000909
0.000885
0.000914
0.000996
0.000886
0.000889
0.000906
0.000933
0.000979
0.000912
0.000879
0.000876
0.000901
0.000906
0.000974
0.000884
0.000882
0.000888
0.000944
0.000991
0.001209
0.001448
0.001017
0.000885
0.000881
0.000889
0.00094
0.001015
0.000988
0.00089
0.000916
0.00088
0.000955
0.000912
0.000946
0.000922
0.000916
0.000882
0.000918
0.00088
0.00089
0.000904
0.000906
0.000911
0.000918
0.000916
0.000988
0.000895
0.000889
0.000997
0.000888
0.000946
0.000885
0.00094
0.000883
0.000967
0.001484
0.001163
0.000892
0.000966
0.000918
0.000913
0.000898
0.000941
0.00093
0.000894
0.000921
0.001007
0.000877
0.000873
0.000882
0.000895
0.000946
0.000913
0.000922
0.000893
0.000889
0.000973
0.000996
0.000888
0.000888
0.000969
0.000967
0.000997
0.00088
0.000879
0.00092
0.000994
0.000974
0.000908
0.000916
0.000992
0.001109
0.001479
0.001015
0.000985
0.000902
0.000885
0.000981
0.000882
0.000917
0.00091
0.000974
0.000899
0.000887
0.000939
0.000876
0.00088
0.000888
0.000921
0.000885
0.000879
0.000893
0.000964
0.000877
0.000879
0.000952
0.000897
0.000917
0.00092
0.000946
0.000984
0.000877
0.000923
0.000896
0.000903
0.000923
0.000938
0.00099
0.001015
0.001026
0.001161
0.000982
0.000919
0.000872
0.000894
0.000881
0.000961
0.000922
0.000978
0.001058
0.000923
0.000972
0.000912
0.000904
0.000889
0.000945
0.000888
0.000883
0.00089
0.000956
0.000891
0.000904
0.000906
0.001164
0.000912
0.000878
0.000898
0.000905
0.000959
0.000993
0.000888
0.000945
0.000986
0.000898
0.001542
0.001592
0.001589
0.001012
0.000885
0.000912
0.000888
0.000993
0.000957
0.000941
0.000975
0.000881
0.000888
0.000911
0.000924
0.000889
0.000896
0.000986
0.000955
0.00091
0.000927
0.000913
0.000956
0.000927
0.000979
0.000939
0.000936
0.000907
0.000891
0.000891
0.000875
0.000955
0.000895
0.000895
0.00098
0.000917
0.000981
0.001051
0.00098
0.001084
0.000999
0.000969
0.000915
0.000889
0.000889
0.001024
0.000965
0.000911
0.000875
0.00091
0.000886
0.000968
0.000896
0.000983
0.000916
0.000886
0.000886
0.000921
0.000883
0.000984
0.000982
0.000888
0.000943
0.000888
0.000885
0.000889
0.000924
0.000958
0.000904
0.000922
0.000977
0.000908
0.000974
0.001001
0.001049
0.001176
0.001002
0.000969
0.000898
0.000911
0.000907
0.0009
0.000907
0.000938
0.001051
0.000878
0.000911
0.000949
0.000971
0.000918
0.000912
0.000968
0.000888
0.000915
0.00088
0.00091
0.000888
0.00088
0.000909
0.000936
0.000869
0.000872
0.000906
0.000945
0.000883
0.00088
0.000994
0.000888
0.000882
0.000889
0.001015
0.001003
0.001472
0.000982
0.000918
0.000902
0.000876
0.000877
0.000891
0.000879
0.000888
0.000931
0.0009
0.000885
0.000903
0.000951
0.000872
0.000875
0.000931
0.000919
0.000887
0.000884
0.000925
0.000885
0.000983
0.000891
0.00095
0.000971
0.000976
0.000884
0.000927
0.000892
0.000882
0.000899
0.000917
0.000888
0.000974
0.000989
0.001261
0.001311
0.001041
0.000898
0.000879
0.000957
0.000881
0.000894
0.000906
0.00089
0.000913
0.000906
0.001197
0.000922
0.00091
0.000884
0.000908
0.000919
0.000911
0.000944
0.000905
0.000962
0.001012
0.000924
0.000906
0.000878
0.000882
0.000894
0.000903
0.000938
0.000936
0.000925
0.000916
0.000976
0.000908
0.000965
0.001635
0.001262
0.000937
0.000932
0.000917
0.000984
0.000898
0.000924
0.000873
0.000886
0.000876
0.000919
0.000898
0.000893
0.000939
0.000915
0.000912
0.000916
0.000894
0.000917
0.00093
0.000891
0.000882
0.000888
0.000925
0.000942
0.000915
0.0012
0.000893
0.000977
0.000884
0.000953
0.000899
0.000885
0.001127
0.000996
0.001172
0.000997
0.001033
0.000935
0.000874
0.000902
0.000918
0.000904
0.00097
0.000934
0.000917
0.000952
0.000872
0.000883
0.000891
0.00092
0.000922
0.000904
0.000906
0.000961
0.000918
0.000967
0.000959
0.00098
0.000873
0.000875
0.000907
0.000884
0.000901
0.000915
0.000971
0.000925
0.000958
0.000935
0.000987
0.001218
0.001452
0.001006
0.000974
0.000882
0.001002
0.000892
0.000932
0.000879
0.000873
0.000916
0.000921
0.00097
0.000909
0.00098
0.000905
0.000881
0.00097
0.000926
0.000919
0.000878
0.000897
0.000972
0.000941
0.00099
0.000883
0.000884
0.000895
0.000914
0.00092
0.000969
0.000986
0.000892
0.000886
0.000882
0.001031
0.001491
0.001087
0.001697
0.000929
0.000976
0.000881
0.000976
0.000941
0.00092
0.000921
0.000909
0.000915
0.000892
0.000895
0.000925
0.000934
0.000996
0.000893
0.000937
0.000925
0.000971
0.000904
0.000907
0.000914
0.000992
0.000924
0.000884
0.000876
0.000939
0.000933
0.00098
0.000913
0.000882
0.000976
0.000876
0.00106
0.000997
0.001677
0.00101
0.001015
0.000895
0.000873
0.000874
0.000903
0.000904
0.000921
0.000912
0.000974
0.000917
0.000945
0.000883
0.000954
0.000895
0.000877
0.00087
0.001024
0.001065
0.000959
0.000948
0.000911
0.000917
0.000982
0.000893
0.000934
0.000876
0.000884
0.000878
0.000922
0.000874
0.000899
0.000888
0.001065
0.001324
0.001181
0.000903
0.000977
0.000982
0.000932
0.000875
0.000904
0.000888
0.000916
0.000888
0.000981
0.000918
0.000956
0.000908
0.00089
0.000947
0.000935
0.000924
0.000985
0.000944
0.000945
0.0009
0.000887
0.000937
0.000903
0.000879
0.000874
0.000934
0.000895
0.00092
0.00102
0.000905
0.000973
0.000886
0.000957
0.000965
0.001357
0.001072
0.001519
0.000881
0.000885
0.000884
0.000927
0.000996
0.000889
0.000892
0.000953
0.000878
0.000878
0.000971
0.000896
0.000942
0.000897
0.000934
0.000889
0.000892
0.000895
0.000906
0.000961
0.000887
0.000895
0.000898
0.000923
0.000925
0.000889
0.000883
0.000926
0.000875
0.000886
0.000883
0.000969
0.000993
0.001208
0.001548
0.000968
0.000877
0.000878
0.000929
0.000871
0.000903
0.000919
0.000918
0.000888
0.000925
0.000884
0.000953
0.000895
0.000905
0.000896
0.000941
0.000927
0.000885
0.000926
0.000943
0.000947
0.000898
0.000889
0.000922
0.000915
0.000905
0.000885
0.000928
0.000884
0.000926
0.000904
0.000927
0.000984
0.001221
0.001355
0.000987
0.000899
0.000919
0.000885
0.00088
0.000881
0.000985
0.000917
0.000967
0.000905
0.00088
0.000972
0.000877
0.000905
0.00093
0.000905
0.000882
0.001035
0.000889
0.000881
0.000899
0.000939
0.00091
0.000887
0.000912
0.000955
0.00098
0.000872
0.000929
0.000889
0.000874
0.000882
0.00092
0.000878
0.001003
0.001634
0.001631
0.001385
0.000895
0.000968
0.000924
0.000984
0.000982
0.000951
0.000917
0.000889
0.000897
0.000903
0.000931
0.00098
0.000904
0.00089
0.000921
0.000888
0.000917
0.000903
0.001007
0.000919
0.00093
0.000983
0.000914
0.000887
0.00089
0.000926
0.000889
0.000995
0.000907
0.000926
0.000911
0.000978
0.001074
0.001622
0.000892
0.000951
0.000882
0.000883
0.000986
0.000907
0.000921
0.000878
0.000983
0.000896
0.000971
0.000959
0.000874
0.000928
0.000892
0.000963
0.00098
0.000882
0.000892
0.000937
0.000894
0.000895
0.000885
0.000873
0.000886
0.000899
0.000941
0.000898
0.000922
0.000925
0.001006
0.000911
0.000886
0.001061
0.001083
0.001
0.001089
0.000882
0.000905
0.000879
0.000873
0.00097
0.00096
0.000913
0.000913
0.000958
0.000976
0.000901
0.000925
0.000978
0.000876
0.000875
0.000943
0.000974
0.000917
0.0009
0.000874
0.000883
0.000989
0.000941
0.000967
0.000905
0.000948
0.000919
0.000923
0.000905
0.000924
0.000886
0.000936
0.000883
0.000979
0.001403
0.001618
0.000957
0.000966
0.000984
0.000972
0.000967
0.000972
0.001059
0.000876
0.00089
0.00089
0.000942
0.000886
0.000888
0.000908
0.000989
0.000901
0.000906
0.000887
0.00099
0.000908
0.000886
0.000873
0.000889
0.000882
0.000909
0.000975
0.00091
0.000969
0.000881
0.000922
0.000879
0.000889
0.000894
0.001013
0.001064
0.00114
0.000875
0.00095
0.000874
0.00088
0.000881
0.000909
0.000905
0.000906
0.000914
0.000885
0.000875
0.001029
0.000973
0.000871
0.000892
0.00092
0.000952
0.000978
0.00094
0.001095
0.00098
0.000876
0.000886
0.000879
0.000983
0.000941
0.000888
0.000961
0.000947
0.000905
0.000873
0.000888
0.000925
0.001548
0.001467
0.00167
0.000974
0.000971
0.000911
0.000963
0.00093
0.000926
0.00092
0.000904
0.000925
0.000895
0.000999
0.00088
0.00089
0.000922
0.000908
0.000909
0.000905
0.000946
0.000979
0.000878
0.000885
0.000938
0.000872
0.000988
0.000907
0.001008
0.000889
0.000914
0.000875
0.000907
0.000886
0.000999
0.00092
0.001042
0.001039
0.000993
0.000891
0.000932
0.000876
0.000885
0.000893
0.000964
0.000977
0.000925
0.000921
0.000953
0.000923
0.000894
0.00088
0.000917
0.000879
0.000877
0.000876
0.00089
0.00089
0.000903
0.000951
0.000986
0.000976
0.000905
0.000989
0.001352
0.000981
0.000987
0.000919
0.00094
0.000928
0.000904
0.00112
0.001594
0.000949
0.000913
0.00091
0.000879
0.000915
0.000885
0.000873
0.000878
0.000878
0.000895
0.000875
0.000917
0.000871
0.000874
0.000879
0.000875
0.000874
0.000876
0.000925
0.00088
0.00088
0.000913
0.000975
0.000955
0.000905
0.000929
0.000897
0.000877
0.000948
0.000923
0.000887
0.000932
0.000926
0.001026
0.001022
0.001122
0.000935
0.000908
0.000927
0.000874
0.000987
0.000981
0.00092
0.000916
0.000951
0.000914
0.000891
0.000879
0.000885
0.000884
0.000886
0.000956
0.000912
0.000973
0.000992
0.0009
0.000941
0.000904
0.000896
0.000885
0.000949
0.000878
0.000883
0.000959
0.000896
0.000907
0.000912
0.000956
0.000983
0.001016
0.001412
0.001064
0.000911
0.000883
0.000895
0.000893
0.00092
0.000916
0.000902
0.000899
0.000923
0.000896
0.000885
0.000918
0.000984
0.000977
0.000887
0.000936
0.001098
0.000869
0.000871
0.000959
0.000894
0.000876
0.000882
0.00093
0.000981
0.000885
0.000963
0.000877
0.000962
0.000901
0.000913
0.000898
0.000969
0.000996
0.001628
0.001621
0.000899
0.000894
0.000964
0.000976
0.000879
0.000888
0.000878
0.000888
0.000904
0.001002
0.000894
0.000987
0.000978
0.000937
0.000889
0.000885
0.000883
0.000944
0.000901
0.000889
0.000913
0.000921
0.00088
0.000905
0.000915
0.000879
0.000877
0.00088
0.000883
0.000876
0.000897
0.000907
0.000881
0.000933
0.000989
0.001632
0.000996
0.001612
0.000886
0.000949
0.000876
0.000879
0.000909
0.0009
0.000973
0.000886
0.000935
0.000879
0.000873
0.000973
0.000933
0.000913
0.000879
0.000946
0.000875
0.000891
0.000901
0.000938
0.000906
0.000903
0.000888
0.00099
0.000914
0.000925
0.000884
0.000992
0.000984
0.000885
0.000889
0.000945
0.000897
0.000897
0.000977
0.001185
0.001525
0.000982
0.000881
0.000907
0.000956
0.001178
0.000952
0.000907
0.000915
0.00089
0.000939
0.000909
0.000914
0.00091
0.000953
0.000925
0.00089
0.000928
0.000908
0.000982
0.000936
0.000927
0.000887
0.00094
0.000901
0.000933
0.00088
0.000951
0.000882
0.000956
0.000885
0.000909
0.000919
0.000924
0.000879
0.001498
0.001413
0.001586
0.001609
0.000877
0.000876
0.000919
0.000886
0.000879
0.000942
0.00088
0.000879
0.000873
0.000917
0.000925
0.00088
0.000912
0.00088
0.000887
0.001109
0.000893
0.000904
0.00092
0.000962
0.000988
0.000926
0.000899
0.000896
0.000897
0.000987
0.000906
0.000921
0.000951
0.000918
0.00089
0.000894
0.001023
0.001228
0.001453
0.000876
0.000975
0.000987
0.000876
0.000881
0.000899
0.000974
0.00091
0.000986
0.000909
0.000916
0.000878
0.001025
0.000984
0.000913
0.000909
0.000906
0.000985
0.000876
0.000987
0.000879
0.000945
0.000971
0.000876
0.000958
0.000982
0.000875
0.000887
0.000924
0.000894
0.000959
0.00089
0.000957
0.000975
0.000986
0.001496
0.001647
0.000887
0.00094
0.000886
0.00092
0.000902
0.000899
0.000904
0.00097
0.000899
0.000907
0.0009
0.000945
0.000982
0.000878
0.000886
0.000945
0.00098
0.000908
0.000915
0.00097
0.000889
0.000918
0.000976
0.000898
0.000875
0.000991
0.000988
0.000989
0.000922
0.000885
0.000918
0.0009
0.001551
0.001012
0.001244
0.001654
0.00095
0.000899
0.000905
0.000875
0.000943
0.000879
0.000876
0.000927
0.000897
0.000876
0.000885
0.000927
0.000996
0.000889
0.000906
0.000932
0.000893
0.000925
0.000902
0.000932
0.000887
0.000977
0.000985
0.000929
0.000929
0.000942
0.000882
0.000938
0.000879
0.00088
0.000896
0.000927
0.000906
0.000978
0.000977
0.00132
0.000943
0.000909
0.000918
0.000985
0.00091
0.000885
0.000934
0.000905
0.000911
0.000914
0.000969
0.000882
0.000882
0.000886
0.000919
0.000874
0.000932
0.001016
0.001046
0.000985
0.000908
0.000905
0.000878
0.000876
0.000875
0.000891
0.000938
0.000914
0.000911
0.000908
0.000917
0.000983
0.000893
0.001039
0.001101
0.001111
0.001027
0.000884
0.000995
0.000944
0.000914
0.000919
0.00093
0.000918
0.000982
0.000889
0.0009
0.000923
0.000899
0.000883
0.000918
0.000893
0.000928
0.00096
0.000937
0.000876
0.000944
0.00098
0.000886
0.000923
0.000875
0.000894
0.000929
0.000874
0.000955
0.000886
0.000916
0.000912
0.000895
0.001521
0.001422
0.001642
0.000892
0.000889
0.000918
0.00088
0.000891
0.000884
0.000924
0.000905
0.000883
0.000887
0.000937
0.000887
0.000922
0.000931
0.000902
0.000897
0.000895
0.000933
0.000886
0.000895
0.000887
0.00092
0.000897
0.000891
0.000883
0.000944
0.0009
0.000887
0.000972
0.000955
0.000911
0.000952
0.000882
0.000896
0.00165
0.001657
0.001025
0.000942
0.000895
0.00092
0.000883
0.00099
0.000953
0.000919
0.000939
0.000885
0.000884
0.000955
0.000902
0.001
0.000889
0.000888
0.000877
0.000909
0.000882
0.000871
0.000887
0.001014
0.000972
0.00091
0.000881
0.000916
0.000908
0.000893
0.000881
0.001091
0.001246
0.001674
0.001665
0.001631
0.001128
0.001091
0.001259
0.000989
0.000884
0.000882
0.000921
0.001245
0.00104
0.000997
0.000919
0.000907
0.00143
0.000959
0.000878
0.000942
0.00089
0.001473
0.000979
0.000933
0.000885
0.001052
0.001916
0.001195
0.001078
0.001538
0.001802
0.00166
0.001532
0.001733
0.00111
0.000929
0.000937
0.000935
0.001116
0.000933
0.000884
0.00089
0.001065
0.000893
0.000917
0.000875
0.00089
0.001318
0.000879
0.000937
0.000904
0.001008
0.000991
0.000917
0.000902
0.000954
0.000909
0.001156
0.000886
0.000912
0.000978
0.001568
0.00168
0.001617
0.000957
0.001233
0.00102
0.000885
0.000886
0.000902
0.000944
0.000898
0.00089
0.000882
0.000979
0.000895
0.000926
0.000902
0.000912
0.000991
0.000878
0.000882
0.000952
0.000976
0.000943
0.000886
0.000882
0.000939
0.000935
0.000917
0.000917
0.00098
0.000927
0.000895
0.00091
0.000947
0.000985
0.0012
0.001307
0.001018
0.000985
0.000904
0.000906
0.000912
0.000875
0.000873
0.000947
0.000888
0.000907
0.000988
0.000958
0.000919
0.000919
0.000906
0.0009
0.000986
0.000954
0.000902
0.000895
0.000882
0.000958
0.000877
0.000883
0.000911
0.000887
0.000888
0.000879
0.000934
0.000873
0.000895
0.000885
0.000984
0.001238
0.001054
0.000988
0.000884
0.000973
0.000894
0.000902
0.000897
0.000939
0.000942
0.000966
0.001041
0.000901
0.000885
0.000916
0.000917
0.000872
0.000877
0.000898
0.000947
0.000935
0.001101
0.000925
0.00093
0.000957
0.000902
0.000976
0.000922
0.000891
0.000902
0.000912
0.001014
0.001264
0.001071
0.001141
0.000994
0.001615
0.001031
0.000987
0.00094
0.000902
0.001425
0.000949
0.00102
0.00089
0.000877
0.000919
0.000923
0.000889
0.000885
0.000886
0.001065
0.001281
0.000963
0.000986
0.000887
0.001011
0.000959
0.00088
0.000889
0.000915
0.000942
0.000901
0.00103
0.000916
0.000987
0.000885
0.000943
0.001089
0.001811
0.001093
0.001301
0.001636
0.001674
0.001305
0.000891
0.000934
0.000923
0.000872
0.001147
0.0009
0.000908
0.000892
0.000913
0.000935
0.001426
0.00163
0.001629
0.001647
0.001372
0.001376
0.001496
0.001807
0.001037
0.00119
0.000878
0.000988
0.000915
0.001647
0.001191
0.001
0.000932
0.000899
0.00088
0.000948
0.000903
0.000889
0.000883
0.000935
0.000887
0.000982
0.000901
0.000922
0.000886
0.000882
0.000889
0.000956
0.000973
0.001399
0.00108
0.000923
0.00113
0.0016
0.001613
0.001258
0.001042
0.00164
0.001115
0.001109
0.000913
0.000929
0.000879
0.001002
0.001053
0.000992
0.000898
0.000905
0.001073
0.000908
0.000969
0.000892
0.000895
0.001155
0.001058
0.000925
0.000923
0.000913
0.001041
0.001242
0.001527
0.000925
0.001015
0.000966
0.000935
0.000913
0.00096
0.001332
0.00096
0.000936
0.000921
0.001036
0.001427
0.000944
0.000933
0.000881
0.000888
0.000936
0.000913
0.000979
0.000906
0.000943
0.000924
0.000899
0.000918
0.000957
0.001183
0.001625
0.000977
0.000887
0.000939
0.001085
0.00174
0.00176
0.000955
0.000911
0.000896
0.00088
0.000887
0.000914
0.00093
0.001061
0.000974
0.000875
0.0009
0.000926
0.000984
0.000916
0.000889
0.000932
0.000894
0.00091
0.000879
0.000925
0.000898
0.000925
0.000957
0.000943
0.000963
0.000908
0.000929
0.000976
0.001005
0.000971
0.000878
0.00092
0.000885
0.001554
0.0011
0.001292
0.001474
0.000975
0.000908
0.000904
0.0016
0.001561
0.001163
0.001006
0.00099
0.001068
0.001013
0.001188
0.001077
0.001187
0.000952
0.000955
0.001184
0.000894
0.000931
0.001027
0.000929
0.001329
0.001054
0.000914
0.000974
0.001738
0.001122
0.000984
0.00109
0.001809
0.001161
0.000965
0.000889
0.000904
0.000914
0.000953
0.000902
0.000925
0.000921
0.000889
0.000908
0.001502
0.000911
0.001181
0.000916
0.000939
0.000879
0.000971
0.000881
0.000928
0.000905
0.000988
0.000894
0.000891
0.000927
0.000884
0.00093
0.000884
0.000896
0.000923
0.00096
0.000988
0.000984
0.001009
0.000981
0.00095
0.000881
0.000936
0.000967
0.000902
0.0009
0.000879
0.00095
0.000901
0.000878
0.00091
0.000898
0.000875
0.000893
0.001016
0.000876
0.000876
0.000887
0.000939
0.000932
0.000878
0.000922
0.000971
0.000883
0.000902
0.000912
0.000914
0.000879
0.000913
0.000883
0.000897
0.000878
0.00102
0.000978
0.001189
0.001182
0.001061
0.000895
0.000881
0.000956
0.000875
0.000926
0.000926
0.000954
0.000891
0.000885
0.0009
0.001014
0.001001
0.000878
0.00089
0.000899
0.001
0.000913
0.001004
0.000884
0.000943
0.000998
0.000882
0.000883
0.000982
0.000896
0.000881
0.000926
0.000908
0.000909
0.001181
0.001493
0.001058
0.001207
0.001667
0.001144
0.000942
0.000971
0.001232
0.000967
0.000935
0.000879
0.000918
0.000938
0.001037
0.000942
0.000895
0.000918
0.000953
0.001062
0.000889
0.00089
0.000914
0.000949
0.001009
0.000971
0.000889
0.000922
0.000878
0.00088
0.00091
0.000944
0.000965
0.000918
0.000962
0.001266
0.001198
0.001226
0.001615
0.000975
0.000901
0.000941
0.000907
0.001028
0.001043
0.000885
0.001011
0.000882
0.000889
0.001796
0.001744
0.001926
0.001782
0.00154
0.001532
0.000885
0.000894
0.00092
0.001124
0.000884
0.000936
0.000905
0.001914
0.00177
0.001039
0.001474
0.000879
0.000962
0.000891
0.000937
0.001149
0.000998
0.000881
0.000949
0.000883
0.00134
0.000929
0.00099
0.000878
0.000876
0.001049
0.000893
0.001202
0.000959
0.000874
0.001279
0.000883
0.001174
0.000965
0.000933
0.001013
0.000954
0.000913
0.000937
0.000877
0.001006
0.001036
0.001507
0.000978
0.000878
0.000915
0.000916
0.00089
0.000936
0.000874
0.000878
0.000882
0.00094
0.000918
0.000898
0.00091
0.000997
0.000922
0.000885
0.000885
0.000993
0.000883
0.000899
0.000913
0.000974
0.000909
0.000891
0.000975
0.000981
0.000909
0.000909
0.000974
0.000945
0.000955
0.000978
0.000913
0.001008
0.001138
0.001125
0.0011
0.000879
0.000976
0.000941
0.000881
0.000893
0.00091
0.000994
0.000898
0.000877
0.000993
0.000875
0.000889
0.001282
0.000881
0.000893
0.001018
0.000886
0.000914
0.000955
0.000939
0.000953
0.000902
0.000928
0.000944
0.000918
0.000899
0.000936
0.000905
0.000908
0.000926
0.000997
0.000905
0.000895
0.001088
0.001622
0.001238
0.00088
0.000886
0.000914
0.000885
0.000985
0.000939
0.000934
0.000896
0.000899
0.000974
0.000965
0.000923
0.000878
0.000877
0.000926
0.000927
0.000875
0.000894
0.000981
0.000909
0.000963
0.000906
0.000983
0.00091
0.000933
0.000892
0.000943
0.000938
0.000903
0.000901
0.000922
0.00106
0.001213
0.001155
0.001346
0.000914
0.000973
0.000898
0.000947
0.000981
0.000919
0.000891
0.000981
0.000889
0.000936
0.000885
0.000958
0.000928
0.000923
0.000979
0.000967
0.000964
0.000883
0.000966
0.000956
0.000898
0.000898
0.000887
0.000879
0.001003
0.000887
0.000912
0.000881
0.000887
0.001615
0.001219
0.001547
0.001661
0.001904
0.001055
0.000872
0.000893
0.00093
0.000932
0.000885
0.000903
0.000934
0.000875
0.000881
0.000884
0.00099
0.000873
0.000896
0.000889
0.000945
0.000972
0.000961
0.001146
0.001045
0.000991
0.000984
0.000995
0.000977
0.000997
0.000887
0.001129
0.000931
0.000888
0.000987
0.001227
0.001047
0.001319
0.000945
0.000973
0.000928
0.000974
0.000875
0.000922
0.000904
0.00088
0.000974
0.000945
0.000877
0.000899
0.000906
0.000967
0.000878
0.001151
0.000922
0.000894
0.000923
0.0009
0.000895
0.000939
0.000874
0.000885
0.000922
0.000958
0.000885
0.00092
0.000994
0.000939
0.001115
0.000899
0.000985
0.001514
0.001225
0.001478
0.001222
0.001572
0.001985
0.001768
0.00163
0.001704
0.00093
0.000949
0.001069
0.000978
0.001329
0.000942
0.000883
0.001006
0.001116
0.001025
0.000976
0.000897
0.00097
0.000951
0.001273
0.000881
0.000889
0.001184
0.001403
0.001058
0.000891
0.000968
0.001012
0.000943
0.000956
0.000972
0.000961
0.001394
0.000924
0.000885
0.00088
0.000989
0.00097
0.001093
0.000889
0.000906
0.000957
0.000974
0.00098
0.000882
0.000942
0.000886
0.000895
0.000903
0.000957
0.000876
0.000884
0.000885
0.000889
0.0009
0.000983
0.001506
0.001682
0.00096
0.000933
0.000886
0.000877
0.000905
0.000886
0.000884
0.000968
0.00092
0.000894
0.000979
0.00095
0.000925
0.000879
0.000884
0.000943
0.000886
0.000873
0.000891
0.000898
0.000884
0.000928
0.000951
0.000881
0.000897
0.000971
0.000932
0.000911
0.000944
0.000888
0.000887
0.000932
0.000971
0.000981
0.001647
0.001598
0.000936
0.000888
0.00098
0.000926
0.00095
0.000987
0.000977
0.000887
0.000989
0.000993
0.000908
0.000906
0.001074
0.000897
0.000881
0.000929
0.000916
0.000927
0.000922
0.000996
0.000877
0.000875
0.000906
0.001008
0.000914
0.000973
0.000942
0.00102
0.000883
0.000897
0.000879
0.00092
0.001541
0.00156
0.001141
0.000919
0.000908
0.000985
0.000893
0.000883
0.000895
0.000927
0.000953
0.000897
0.000888
0.000953
0.000881
0.000913
0.000891
0.000881
0.000916
0.000922
0.000917
0.000906
0.000887
0.000901
0.000924
0.000876
0.000945
0.000899
0.000889
0.000892
0.000901
0.00095
0.000893
0.000887
0.000989
0.001077
0.000979
0.001625
0.001288
0.000888
0.000879
0.000932
0.000951
0.000914
0.000884
0.000951
0.00088
0.000872
0.000898
0.000894
0.000965
0.000894
0.000898
0.000881
0.001128
0.001103
0.000883
0.000879
0.000996
0.001008
0.000895
0.000905
0.000914
0.000987
0.000886
0.00106
0.000981
0.000937
0.000876
0.000925
0.001049
0.001124
0.00107
0.001193
0.000988
0.000884
0.001005
0.000985
0.000893
0.000945
0.000879
0.000944
0.000902
0.000891
0.000894
0.001017
0.000896
0.000896
0.00095
0.000889
0.000964
0.000882
0.000881
0.000886
0.000935
0.00088
0.000877
0.000909
0.001017
0.000946
0.000904
0.000947
0.000942
0.000923
0.000947
0.00089
0.000915
0.000924
0.000997
0.001089
0.001521
0.000948
0.00091
0.000887
0.001093
0.000964
0.000987
0.000992
0.000883
0.00095
0.000898
0.000907
0.000873
0.001008
0.000876
0.000948
0.000935
0.000928
0.000875
0.000887
0.000904
0.001022
0.000934
0.000891
0.000887
0.000911
0.00092
0.000876
0.00089
0.000922
0.000882
0.000895
0.000889
0.001006
0.001059
0.001603
0.0017
0.001205
0.000996
0.000986
0.001009
0.001109
0.001014
0.001211
0.001267
0.000977
0.000883
0.000883
0.000934
0.000894
0.000879
0.000925
0.000877
0.000866
0.001008
0.00089
0.001014
0.000886
0.000888
0.00097
0.0009
0.000906
0.000917
0.000884
0.000925
0.000921
0.000901
0.000941
0.000874
0.000981
0.001575
0.000949
0.000898
0.000924
0.000877
0.000894
0.000873
0.000929
0.000883
0.00096
0.000887
0.000929
0.000888
0.000984
0.000877
0.000939
0.000984
0.00088
0.000969
0.000898
0.000967
0.000895
0.000906
0.0009
0.000934
0.000971
0.000979
0.000898
0.000916
0.000915
0.000897
0.000905
0.000898
0.000886
0.001096
0.001029
0.001136
0.001486
0.000885
0.000946
0.000879
0.000925
0.000891
0.000905
0.00095
0.000918
0.000906
0.000892
0.000952
0.000931
0.00098
0.000911
0.000996
0.000898
0.000899
0.000892
0.000922
0.000917
0.000883
0.000889
0.000949
0.000882
0.000893
0.000916
0.001029
0.001088
0.00113
0.000879
0.000926
0.000903
0.000953
0.000981
0.001627
0.001441
0.000911
0.0009
0.000882
0.000876
0.000978
0.000906
0.000884
0.00098
0.000888
0.000937
0.000915
0.000908
0.000899
0.000888
0.000936
0.000895
0.000897
0.000914
0.00095
0.000909
0.000893
0.001005
0.000972
0.000886
0.000894
0.000931
0.000903
0.000887
0.000878
0.000952
0.000879
0.000886
0.000993
0.001168
0.001027
0.001059
0.000892
0.000928
0.000875
0.000909
0.000888
0.000889
0.000902
0.000913
0.000894
0.000952
0.000973
0.000898
0.000898
0.000891
0.000964
0.000884
0.000912
0.000882
0.000946
0.000969
0.000981
0.000882
0.000909
0.000932
0.000909
0.000916
0.000919
0.000939
0.00088
0.000924
0.000916
0.000969
0.000993
0.001642
0.001502
0.000884
0.000918
0.000914
0.001009
0.000899
0.000946
0.000889
0.001016
0.000891
0.000896
0.000977
0.00095
0.000984
0.000911
0.000915
0.000919
0.000915
0.000901
0.000891
0.000954
0.000916
0.000944
0.000907
0.000931
0.000889
0.000874
0.000919
0.000972
0.00088
0.000893
0.000913
0.000932
0.000991
0.001629
0.001663
0.000989
0.000973
0.000878
0.000873
0.000879
0.000925
0.000882
0.00089
0.000894
0.000958
0.000892
0.000928
0.000897
0.000959
0.000906
0.001054
0.000904
0.000888
0.000891
0.000912
0.000906
0.000894
0.000952
0.000886
0.000893
0.000914
0.000928
0.000945
0.000887
0.00088
0.000926
0.000898
0.001564
0.001601
0.001338
0.000921
0.000903
0.000947
0.000881
0.001024
0.000977
0.000922
0.000894
0.000877
0.000879
0.000953
0.000889
0.000916
0.000905
0.000951
0.000933
0.000934
0.000894
0.000979
0.00089
0.001015
0.000884
0.001029
0.000914
0.0009
0.000903
0.000943
0.000886
0.000882
0.000918
0.00094
0.000881
0.000992
0.001509
0.001003
0.000922
0.001055
0.001061
0.000972
0.000906
0.000897
0.000878
0.000966
0.000873
0.00098
0.000879
0.000972
0.000874
0.00091
0.000881
0.000902
0.000886
0.000979
0.000964
0.0009
0.00097
0.000872
0.000971
0.000873
0.000965
0.000888
0.000888
0.000932
0.000917
0.000969
0.001062
0.001678
0.000999
0.000961
0.00089
0.00094
0.000934
0.0009
0.000992
0.00092
0.000964
0.001025
0.000881
0.000918
0.001006
0.000909
0.000877
0.000879
0.000906
0.000878
0.000896
0.000936
0.000908
0.000938
0.000874
0.000964
0.000876
0.000918
0.000928
0.000932
0.001
0.000913
0.000886
0.000944
0.000874
0.000884
0.000979
0.001388
0.001614
0.000943
0.000916
0.000911
0.000883
0.000908
0.000917
0.000894
0.000895
0.000898
0.001006
0.000912
0.000877
0.000878
0.000925
0.001009
0.000889
0.000897
0.000877
0.001022
0.000903
0.000996
0.000966
0.000947
0.000937
0.000922
0.000901
0.00097
0.000912
0.000892
0.000925
0.00093
0.000879
0.000924
0.001033
0.001657
0.001144
0.000923
0.000879
0.000919
0.000891
0.000879
0.000894
0.000879
0.000887
0.000898
0.000944
0.000913
0.000876
0.000888
0.000937
0.000908
0.000894
0.000926
0.000876
0.00089
0.000894
0.000974
0.000947
0.000889
0.000885
0.000928
0.000914
0.000877
0.000875
0.000923
0.00089
0.000887
0.000887
0.000974
0.001223
0.001079
0.000965
0.00092
0.000923
0.000878
0.000876
0.000891
0.000893
0.000916
0.000904
0.000899
0.000947
0.000948
0.000901
0.000907
0.00097
0.000921
0.000907
0.000998
0.000977
0.000928
0.000982
0.000907
0.000895
0.000953
0.000899
0.000975
0.000906
0.000931
0.000887
0.000927
0.000887
0.000944
0.001546
0.001032
0.001511
0.001185
0.001409
0.001002
0.000974
0.000911
0.000904
0.00088
0.001036
0.000892
0.000901
0.000927
0.000876
0.000888
0.000888
0.000931
0.000913
0.000911
0.000908
0.001025
0.001432
0.001023
0.000984
0.000918
0.000904
0.000913
0.000883
0.00094
0.000886
0.000968
0.000924
0.000906
0.000877
0.000916
0.000972
0.001034
0.001069
0.001013
0.001128
0.000942
0.000886
0.000938
0.000909
0.000876
0.000877
0.000937
0.00088
0.000878
0.000915
0.000876
0.000908
0.000876
0.00095
0.00098
0.000879
0.000889
0.000892
0.000917
0.00091
0.000902
0.000982
0.000897
0.000888
0.00088
0.000932
0.000883
0.000877
0.00093
0.000889
0.000897
0.000925
0.000937
0.000985
0.001613
0.001024
0.001006
0.000879
0.000913
0.000889
0.000978
0.000895
0.000931
0.000952
0.000889
0.000887
0.000948
0.000886
0.000913
0.000907
0.000938
0.000894
0.000933
0.000901
0.000959
0.000905
0.000885
0.000977
0.000874
0.000877
0.000879
0.000873
0.000884
0.000887
0.000948
0.000904
0.000884
0.000956
0.000984
0.00154
0.001609
0.000991
0.000895
0.00093
0.000882
0.000891
0.000881
0.001029
0.00095
0.000891
0.000953
0.00094
0.000895
0.000948
0.000884
0.000903
0.000941
0.000888
0.000893
0.000883
0.000914
0.000899
0.000881
0.001034
0.000933
0.000878
0.000913
0.000894
0.00097
0.000895
0.000905
0.000896
0.000921
0.000971
0.001381
0.001376
0.000887
0.000905
0.000952
0.000924
0.000893
0.000908
0.00096
0.00088
0.000875
0.000918
0.000885
0.000879
0.000916
0.000931
0.000993
0.000918
0.000901
0.000913
0.000964
0.000895
0.001053
0.0009
0.000884
0.000877
0.000949
0.000908
0.000943
0.001003
0.000876
0.000885
0.000919
0.000963
0.000884
0.000976
0.001218
0.001004
0.001626
0.001006
0.001004
0.000922
0.000895
0.000905
0.000917
0.000983
0.000903
0.000896
0.00096
0.000889
0.000898
0.000911
0.000951
0.000901
0.000981
0.000986
0.00093
0.000889
0.000888
0.000886
0.000934
0.000968
0.00091
0.000887
0.000932
0.000884
0.000979
0.000989
0.00088
0.00096
0.001069
0.001162
0.001098
0.000996
0.00098
0.000928
0.000922
0.000987
0.000921
0.000885
0.000889
0.000929
0.000925
0.000884
0.000926
0.000971
0.000919
0.000875
0.000888
0.000953
0.000892
0.0009
0.000905
0.000919
0.000904
0.000887
0.000922
0.000996
0.000886
0.000954
0.000919
0.00091
0.00094
0.000876
0.000891
0.000912
0.001003
0.001097
0.001223
0.001029
0.001013
0.000939
0.00088
0.000916
0.000885
0.000982
0.000895
0.000964
0.000981
0.000879
0.000964
0.000974
0.000977
0.000936
0.000925
0.000902
0.000907
0.000888
0.000975
0.000959
0.000887
0.000883
0.00092
0.000877
0.00092
0.00091
0.000946
0.000888
0.000917
0.000897
0.000927
0.000897
0.000988
0.001385
0.001523
0.000989
0.000901
0.000904
0.000966
0.000881
0.000889
0.000874
0.000926
0.000904
0.000894
0.000915
0.000913
0.000952
0.00089
0.000895
0.000944
0.000992
0.000886
0.000909
0.000983
0.000874
0.000882
0.000915
0.000882
0.000914
0.000893
0.000978
0.000894
0.000885
0.000924
0.000881
0.000986
0.00095
0.000969
0.001275
0.001626
0.001442
0.000911
0.000917
0.000893
0.00097
0.000885
0.000931
0.000905
0.000985
0.000953
0.000928
0.000913
0.000908
0.000881
0.000925
0.000889
0.000987
0.000884
0.000908
0.000955
0.00099
0.000991
0.000897
0.001023
0.000887
0.000895
0.00088
0.000938
0.000894
0.000903
0.000912
0.000993
0.000923
0.00098
0.001491
0.00111
0.000918
0.000907
0.000917
0.00088
0.00088
0.000894
0.000913
0.000938
0.000881
0.000882
0.000874
0.000889
0.000885
0.000919
0.000905
0.000898
0.000876
0.000916
0.000895
0.000878
0.000989
0.000903
0.000888
0.000874
0.000916
0.000903
0.000887
0.000926
0.000917
0.00089
0.000885
0.000931
0.001041
0.001663
0.001641
0.000937
0.000888
0.000952
0.000901
0.000885
0.000876
0.000888
0.000912
0.00093
0.000941
0.000966
0.00114
0.001152
0.00101
0.000876
0.000879
0.00094
0.000897
0.000917
0.000886
0.000985
0.000886
0.000874
0.000886
0.000882
0.000882
0.000986
0.000905
0.000941
0.000939
0.000911
0.0009
0.000981
0.001521
0.001607
0.001499
0.000977
0.000887
0.000887
0.0009
0.000917
0.000889
0.000968
0.000885
0.000892
0.000933
0.000919
0.000899
0.000874
0.000914
0.000882
0.000887
0.000885
0.000942
0.000979
0.000885
0.000889
0.00092
0.000877
0.00088
0.000894
0.000912
0.000939
0.000921
0.000921
0.000983
0.000939
0.00088
0.000977
0.001153
0.001267
0.000913
0.000899
0.000914
0.000982
0.000905
0.000885
0.000895
0.000948
0.000873
0.000872
0.000908
0.000911
0.000874
0.00088
0.000921
0.000934
0.000885
0.000897
0.000895
0.000946
0.000901
0.000876
0.000884
0.00093
0.00094
0.000942
0.000883
0.000918
0.000879
0.000873
0.000895
0.000917
0.000874
0.001497
0.001602
0.000992
0.000883
0.000893
0.000952
0.000892
0.000983
0.000883
0.000919
0.000903
0.000875
0.00094
0.000908
0.000937
0.000942
0.000896
0.000894
0.000989
0.000877
0.000928
0.000876
0.00094
0.000886
0.000961
0.00089
0.000889
0.000879
0.00094
0.000916
0.000907
0.000884
0.00091
0.000891
0.000902
0.000982
0.001058
0.001291
0.001028
0.00155
0.000973
0.000946
0.000897
0.00091
0.000928
0.000961
0.000904
0.001028
0.000891
0.00093
0.000902
0.00092
0.000931
0.00091
0.000896
0.000882
0.000936
0.000952
0.000914
0.000887
0.000936
0.000963
0.00094
0.000937
0.000913
0.00106
0.000926
0.000884
0.000888
0.000892
0.000941
0.000897
0.000886
0.000984
0.001173
0.00132
0.000908
0.000891
0.000944
0.000913
0.000938
0.000926
0.000964
0.000924
0.000904
0.00092
0.00092
0.000888
0.001011
0.000902
0.000901
0.000904
0.000955
0.000884
0.000894
0.000891
0.000906
0.001437
0.000984
0.000918
0.000919
0.000873
0.00088
0.000886
0.000924
0.000911
0.000888
0.000931
0.001043
0.001382
0.000928
0.000934
0.000909
0.000909
0.00094
0.000888
0.000943
0.000995
0.000898
0.000913
0.000964
0.000889
0.000886
0.000884
0.000949
0.000883
0.0009
0.000914
0.000945
0.00095
0.00092
0.000896
0.000872
0.00095
0.00091
0.000873
0.00089
0.000892
0.000903
0.000982
0.000952
0.000923
0.000991
0.000987
0.001027
0.001119
0.001147
0.000991
0.000916
0.001449
0.00093
0.000953
0.000911
0.000954
0.000936
0.000963
0.00098
0.000916
0.000903
0.000887
0.000967
0.000896
0.000982
0.000888
0.001001
0.000876
0.00088
0.00091
0.000881
0.00092
0.000936
0.000912
0.000996
0.001225
0.000894
0.000896
0.000885
0.000922
0.000889
0.000979
0.00108
0.001632
0.000896
0.000889
0.000894
0.000944
0.000897
0.00091
0.000875
0.000919
0.000912
0.000921
0.000969
0.000966
0.000916
0.000899
0.000898
0.000965
0.00092
0.000903
0.000896
0.000921
0.000897
0.000887
0.000904
0.001025
0.000949
0.000909
0.000922
0.000924
0.000969
0.000882
0.000888
0.000931
0.000893
0.00104
0.001633
0.001096
0.000926
0.00091
0.000902
0.000895
0.000914
0.000887
0.000873
0.000893
0.000914
0.000988
0.000888
0.000885
0.000925
0.000885
0.000877
0.000889
0.000953
0.000911
0.000899
0.000912
0.000962
0.000888
0.000894
0.000877
0.000914
0.000908
0.000905
0.000931
0.00089
0.000919
0.000982
0.000971
0.000888
0.000982
0.001003
0.000987
0.001262
0.000882
0.000907
0.000942
0.000885
0.000921
0.000891
0.00092
0.000916
0.000926
0.000967
0.000916
0.000912
0.000923
0.000878
0.000915
0.000984
0.00098
0.000891
0.000877
0.000931
0.000999
0.000898
0.000891
0.000903
0.000929
0.000905
0.00088
0.000878
0.000885
0.000976
0.000884
0.001012
0.000903
0.001019
0.001865
0.00174
0.001004
0.000878
0.000876
0.000888
0.000987
0.000961
0.000899
0.0009
0.00093
0.00094
0.000896
0.000906
0.001014
0.000898
0.000909
0.00096
0.000937
0.000893
0.000878
0.000947
0.000988
0.00089
0.000923
0.000892
0.000952
0.000923
0.0009
0.000881
0.00092
0.000947
0.000888
0.001064
0.00099
0.00123
0.00108
0.001067
0.000891
0.000962
0.000927
0.000925
0.001028
0.000969
0.000886
0.000915
0.000885
0.00093
0.00089
0.000887
0.000892
0.000923
0.000928
0.000946
0.000942
0.000921
0.000881
0.000885
0.000951
0.000983
0.000887
0.000884
0.000943
0.000919
0.000908
0.00094
0.000945
0.000889
0.000891
0.000897
0.000988
0.000975
0.00154
0.001653
0.000995
0.000884
0.000885
0.000916
0.00088
0.000876
0.000908
0.000921
0.000904
0.000906
0.000937
0.000975
0.000878
0.000972
0.000963
0.000913
0.000906
0.000912
0.000929
0.00087
0.000887
0.000877
0.000935
0.000944
0.000907
0.00088
0.000915
0.000991
0.000888
0.000944
0.001007
0.001042
0.000878
0.000972
0.001003
0.001033
0.001176
0.000883
0.000873
0.000938
0.000936
0.000879
0.000897
0.000967
0.001009
0.001024
0.000941
0.000887
0.00091
0.000872
0.00088
0.000886
0.000981
0.000957
0.000924
0.000922
0.000878
0.000912
0.000873
0.000878
0.000921
0.000873
0.000891
0.000924
0.000907
0.000967
0.000924
0.000889
0.000916
0.000982
0.001172
0.001635
0.001481
0.000971
0.000916
0.000903
0.000885
0.000915
0.000971
0.000874
0.00091
0.00089
0.000875
0.000921
0.000919
0.000897
0.000889
0.000935
0.000901
0.000887
0.000905
0.001017
0.000952
0.000911
0.000904
0.000908
0.001002
0.000883
0.000885
0.000887
0.00093
0.000883
0.000917
0.000936
0.001021
0.001118
0.001639
0.000991
0.000887
0.000885
0.000925
0.00094
0.000893
0.000902
0.000987
0.000919
0.000979
0.001111
0.000962
0.000914
0.000961
0.000876
0.000948
0.000882
0.000997
0.000876
0.00087
0.000875
0.000929
0.000889
0.000888
0.00095
0.000874
0.000887
0.000888
0.000935
0.000895
0.000902
0.000888
0.001238
0.001661
0.001024
0.000883
0.000923
0.000911
0.000879
0.000936
0.000907
0.000876
0.000877
0.000962
0.000997
0.000902
0.000916
0.000915
0.000944
0.000889
0.000888
0.000958
0.000879
0.00096
0.000885
0.000915
0.000907
0.000929
0.000881
0.000896
0.000887
0.000958
0.000902
0.000921
0.000914
0.000896
0.000989
0.001582
0.001626
0.001267
0.001012
0.000929
0.000903
0.00088
0.000918
0.000887
0.000881
0.000903
0.000962
0.00091
0.000887
0.000914
0.000989
0.000907
0.000915
0.000878
0.000927
0.000873
0.00092
0.00092
0.000947
0.000883
0.000876
0.000936
0.000902
0.000976
0.000875
0.000958
0.000908
0.000893
0.000948
0.000919
0.001036
0.00128
0.001084
0.001567
0.001002
0.000909
0.000887
0.000909
0.000904
0.000882
0.000878
0.000923
0.000887
0.000886
0.000903
0.000945
0.000961
0.000901
0.000893
0.000932
0.000924
0.00092
0.00092
0.000916
0.000984
0.000904
0.000904
0.000905
0.000961
0.000906
0.000942
0.000895
0.000891
0.000953
0.000891
0.000919
0.001476
0.001633
0.001058
0.000924
0.000903
0.000972
0.00094
0.000923
0.000885
0.000878
0.000892
0.000917
0.000872
0.000883
0.000877
0.000908
0.000902
0.00098
0.000922
0.000947
0.000911
0.000906
0.001
0.000887
0.000891
0.000947
0.000877
0.000922
0.000982
0.000879
0.00093
0.000929
0.000978
0.000995
0.000884
0.001668
0.00123
0.001626
0.001029
0.000949
0.000907
0.000922
0.000963
0.000917
0.00095
0.000885
0.000922
0.000881
0.000985
0.000882
0.000949
0.000897
0.000896
0.000886
0.000944
0.000906
0.000963
0.000888
0.000924
0.000881
0.000894
0.000917
0.001488
0.001089
0.000955
0.001002
0.000956
0.000873
0.000914
0.000894
0.001036
0.00122
0.001333
0.000921
0.000884
0.000876
0.000937
0.00088
0.000938
0.0009
0.000916
0.000939
0.000926
0.000942
0.000877
0.00089
0.000886
0.000948
0.000927
0.000897
0.000896
0.001018
0.00088
0.000881
0.000936
0.000896
0.000987
0.000981
0.000935
0.000878
0.000873
0.000918
0.000963
0.000882
0.000916
0.000902
0.000992
0.001228
0.000998
0.001144
0.001003
0.000938
0.000925
0.000911
0.000876
0.000875
0.000968
0.000908
0.00094
0.000915
0.000893
0.000882
0.000885
0.000941
0.000884
0.000879
0.000933
0.000935
0.00089
0.000874
0.0009
0.000921
0.000886
0.000881
0.000881
0.000897
0.000902
0.000938
0.000888
0.000942
0.000901
0.000954
0.000917
0.001019
0.001553
0.001601
0.001053
0.000945
0.000884
0.000905
0.000889
0.000893
0.000917
0.000903
0.000911
0.000884
0.000921
0.000877
0.000959
0.000876
0.000908
0.0009
0.000923
0.000891
0.000898
0.000885
0.000884
0.000924
0.000894
0.000984
0.000874
0.000933
0.000901
0.000888
0.000902
0.000892
0.000882
0.000976
0.000937
0.000901
0.000974
0.000991
0.00133
0.001047
0.000907
0.000967
0.000902
0.000884
0.000887
0.00098
0.000875
0.000894
0.000957
0.000957
0.000907
0.000928
0.000913
0.000954
0.000988
0.000904
0.000924
0.00099
0.000906
0.000888
0.000876
0.000929
0.000921
0.000883
0.000882
0.000922
0.000897
0.000897
0.000913
0.000969
0.000884
0.000884
0.000989
0.001072
0.001248
0.001412
0.001374
0.000971
0.000903
0.000914
0.000916
0.000918
0.000869
0.000887
0.000905
0.00093
0.00088
0.000888
0.000893
0.000949
0.000903
0.000902
0.000913
0.000914
0.000892
0.00089
0.000901
0.00097
0.000912
0.000883
0.000899
0.000921
0.00094
0.00089
0.000872
0.000884
0.000882
0.001464
0.000901
0.001048
0.001083
0.001487
0.001191
0.000992
0.000974
0.00088
0.000913
0.000933
0.000882
0.00092
0.000911
0.000925
0.000885
0.000876
0.000879
0.000877
0.00097
0.000913
0.000929
0.000892
0.000885
0.000892
0.000936
0.000912
0.000895
0.000973
0.000891
0.000923
0.000908
0.000884
0.000966
0.000886
0.000924
0.000896
0.001013
0.001246
0.001632
0.001017
0.00089
0.000937
0.000912
0.000884
0.000964
0.000915
0.000896
0.000875
0.000886
0.000938
0.000879
0.000895
0.000916
0.000945
0.000893
0.000982
0.00089
0.000978
0.000876
0.000875
0.000916
0.000872
0.000871
0.000875
0.000916
0.000889
0.000936
0.000928
0.000875
0.000887
0.000886
0.000927
0.000975
0.001309
0.001678
0.001002
0.000889
0.000887
0.000889
0.00092
0.000931
0.00098
0.000889
0.00088
0.000878
0.000979
0.001039
0.000911
0.000887
0.000961
0.000887
0.000944
0.000895
0.000928
0.000967
0.000909
0.00088
0.00089
0.00093
0.000918
0.000903
0.001029
0.000931
0.001001
0.000887
0.000887
0.000938
0.000872
0.000985
0.001278
0.001063
0.001057
0.001051
0.000917
0.000917
0.000889
0.000885
0.000918
0.000877
0.0009
0.000918
0.000949
0.000931
0.000984
0.000885
0.000944
0.000918
0.000891
0.000924
0.000935
0.000972
0.000903
0.000909
0.000977
0.000944
0.001014
0.000879
0.000884
0.000881
0.000952
0.000988
0.000886
0.000905
0.000985
0.000919
0.000981
0.001226
0.00121
0.001564
0.000905
0.000882
0.000945
0.000896
0.00092
0.00088
0.000944
0.000895
0.000882
0.000921
0.000879
0.000904
0.00089
0.000931
0.000949
0.000915
0.000884
0.000963
0.000876
0.0009
0.000937
0.000928
0.000883
0.000914
0.000951
0.000924
0.000928
0.000885
0.000916
0.000985
0.000913
0.000941
0.000932
0.000995
0.001325
0.001623
0.001022
0.000922
0.000939
0.000885
0.000872
0.000968
0.001
0.000883
0.000967
0.00092
0.00099
0.000908
0.001174
0.000957
0.000918
0.000925
0.000972
0.000885
0.00088
0.000928
0.000974
0.000882
0.00089
0.000938
0.000925
0.000879
0.000927
0.000941
0.000915
0.000891
0.000959
0.000896
0.000975
0.001635
0.001117
0.000985
0.00088
0.000889
0.000909
0.000913
0.00088
0.000875
0.000997
0.000918
0.000988
0.000922
0.000896
0.000928
0.00089
0.000981
0.000882
0.000874
0.000944
0.000924
0.00092
0.000986
0.000878
0.000899
0.000925
0.000899
0.000925
0.000873
0.00091
0.000893
0.000927
0.0009
0.000939
0.000994
0.001
0.000993
0.000992
0.001124
0.000993
0.000879
0.0009
0.000878
0.001015
0.000951
0.000998
0.000901
0.000981
0.000949
0.000931
0.000878
0.000922
0.000983
0.000953
0.000886
0.000917
0.000892
0.000929
0.000894
0.000909
0.000889
0.000963
0.000885
0.000896
0.000912
0.000957
0.000986
0.00089
0.000887
0.000986
0.000895
0.000878
0.000888
0.001023
0.001229
0.001374
0.000928
0.000888
0.000962
0.001007
0.000917
0.00092
0.000912
0.000933
0.000881
0.000983
0.000972
0.000924
0.000918
0.000881
0.000915
0.000879
0.000885
0.00091
0.000943
0.000925
0.000912
0.000981
0.000877
0.000892
0.000926
0.000921
0.000943
0.000873
0.00089
0.000885
0.000955
0.000878
0.000988
0.001012
0.001203
0.001011
0.001288
0.000915
0.000959
0.000884
0.00088
0.000889
0.000946
0.000908
0.000887
0.000934
0.000899
0.000915
0.000907
0.000884
0.000942
0.000902
0.000876
0.000911
0.000874
0.000879
0.000894
0.00093
0.000991
0.000887
0.000914
0.000985
0.000874
0.000876
0.000895
0.000997
0.000904
0.000916
0.000928
0.000986
0.00137
0.00103
0.000964
0.00088
0.000882
0.000882
0.000972
0.000936
0.000935
0.000918
0.000922
0.000983
0.000902
0.000883
0.000946
0.000965
0.000885
0.000875
0.000987
0.000883
0.000912
0.000878
0.000898
0.00088
0.000896
0.000884
0.000999
0.001348
0.000872
0.000925
0.000886
0.000916
0.000888
0.000929
0.000896
0.001091
0.001531
0.001052
0.001017
0.000877
0.000885
0.000922
0.000931
0.000874
0.000951
0.000995
0.000895
0.000892
0.000983
0.000875
0.000884
0.000878
0.000912
0.00089
0.000904
0.000996
0.001005
0.000908
0.000983
0.000922
0.000923
0.00091
0.000928
0.000887
0.000939
0.000891
0.00089
0.000887
0.000899
0.000915
0.000926
0.001479
0.001265
0.000989
0.001418
0.000987
0.000882
0.000927
0.000889
0.000914
0.000938
0.000888
0.000964
0.000899
0.000911
0.000893
0.000888
0.000879
0.000921
0.000981
0.000909
0.000875
0.000874
0.000875
0.000872
0.000944
0.000902
0.000934
0.000903
0.000981
0.000994
0.000878
0.000876
0.000964
0.000981
0.000882
0.000907
0.000875
0.000904
0.001507
0.001501
0.001614
0.00099
0.000936
0.000886
0.000888
0.000889
0.000926
0.000883
0.00094
0.000936
0.000968
0.000985
0.000887
0.000942
0.00092
0.000986
0.000886
0.000953
0.000912
0.000921
0.000935
0.000926
0.000891
0.000884
0.000885
0.000925
0.000882
0.000873
0.000911
0.000951
0.000927
0.00094
0.000912
0.000942
0.000978
0.001328
0.001136
0.000947
0.00095
0.00088
0.000899
0.000891
0.000929
0.000924
0.000901
0.000914
0.000875
0.000886
0.000883
0.000949
0.000945
0.000935
0.000953
0.000951
0.000909
0.000882
0.000909
0.000914
0.000906
0.000985
0.000881
0.000925
0.000886
0.00097
0.000927
0.000882
0.000909
0.00092
0.000925
0.000887
0.000964
0.000971
0.001151
0.000995
0.001053
0.000899
0.000888
0.000928
0.000917
0.000984
0.000952
0.000879
0.000888
0.000877
0.000929
0.000906
0.000935
0.00097
0.00094
0.00097
0.000878
0.000867
0.000933
0.000914
0.000919
0.000951
0.000883
0.000889
0.000954
0.000926
0.000913
0.000878
0.000887
0.000938
0.000935
0.000896
0.000887
0.000917
0.000989
0.001473
0.001282
0.001021
0.000978
0.000909
0.000886
0.000985
0.000913
0.000909
0.000874
0.000946
0.000888
0.000982
0.000961
0.000885
0.001006
0.000897
0.00089
0.000922
0.000945
0.00088
0.000877
0.000962
0.000897
0.000915
0.000876
0.00088
0.000882
0.000876
0.000905
0.000896
0.000899
0.000904
0.000953
0.000945
0.00099
0.001144
0.001631
0.001032
0.000939
0.0009
0.00091
0.000926
0.000888
0.000898
0.000901
0.000934
0.00098
0.0009
0.000907
0.000912
0.000885
0.000875
0.000898
0.00094
0.000907
0.000911
0.000891
0.000948
