105 0.0001558
205 0.0002812
305 0.0007542
405 0.0010584
505 0.0014568
605 0.0016864
705 0.0014118
805 0.002119
905 0.0019182
1005 0.0025408
1105 0.0042894
1205 0.0033936
1305 0.003218
1405 0.0053294
1505 0.0038916
1605 0.004444
1705 0.0051824
1805 0.0071266
1905 0.00445
2005 0.0056958
2105 0.008244
2205 0.0058188
2305 0.006333
2405 0.007495
2505 0.0070368
2605 0.0088976
2705 0.0072818
2805 0.0107412
2905 0.0084536
3005 0.0091796
3105 0.0108438
3205 0.0094564
3305 0.0117802
3405 0.0093658
3505 0.0126346
3605 0.0165872
3705 0.0091182
3805 0.0098496
3905 0.0129314
4005 0.014331
4105 0.0186932
4205 0.0117868
4305 0.0166704
4405 0.01578
4505 0.0146812
4605 0.0140952
4705 0.0160104
4805 0.0178382
4905 0.015975
5005 0.0172966
5105 0.0207912
5205 0.0192394
5305 0.022674
5405 0.0207258
5505 0.0169498
5605 0.0195822
5705 0.022617
5805 0.0240004
5905 0.0272428
6005 0.0212032
6105 0.0152762
6205 0.0161018
6305 0.0232424
6405 0.0261622
6505 0.0255722
6605 0.0226564
6705 0.0267688
6805 0.0294892
6905 0.0283192
7005 0.0288244
7105 0.030385
7205 0.0283804
7305 0.0310872
7405 0.0312274
7505 0.0346108
7605 0.0337474
7705 0.0318086
7805 0.0265566
7905 0.0313016
8005 0.0307604
8105 0.034406
8205 0.0391048
8305 0.0386072
8405 0.0355052
8505 0.0293042
8605 0.0471466
8705 0.0240638
8805 0.0434238
8905 0.039607
9005 0.0325402
9105 0.0372978
9205 0.044143
9305 0.0374628
9405 0.039702
9505 0.0406468
9605 0.038058
9705 0.0361408
9805 0.0281146
9905 0.0457694
10005 0.0401528
10105 0.0512884
10205 0.047258
10305 0.0496868
10405 0.0491646
10505 0.052907
10605 0.0467714
10705 0.0527854
10805 0.048383
10905 0.0543242
11005 0.0440964
11105 0.0450366
11205 0.0525692
11305 0.0569938
11405 0.0526418
11505 0.049551
11605 0.0388988
11705 0.0358836
11805 0.0473508
11905 0.0557526
12005 0.037792
12105 0.051782
12205 0.0530118
12305 0.047845
12405 0.0595818
12505 0.0593908
12605 0.059908
12705 0.0525812
12805 0.0504166
12905 0.0670798
13005 0.0456266
13105 0.0624636
13205 0.0595118
13305 0.0520986
13405 0.0622948
13505 0.0582848
13605 0.069251
13705 0.059396
13805 0.0592016
13905 0.062488
14005 0.0555506
14105 0.059846
14205 0.057835
14305 0.0810858
14405 0.0767692
14505 0.0507744
14605 0.0531852
14705 0.0911472
14805 0.0723
14905 0.0623946
15005 0.0684882
15105 0.064224
15205 0.0793852
15305 0.075859
15405 0.0631796
15505 0.087785
15605 0.0834156
15705 0.0782278
15805 0.068631
15905 0.0649656
16005 0.0907194
16105 0.0794942
16205 0.0764044
16305 0.0952312
16405 0.0624562
16505 0.104998
16605 0.0731458
16705 0.0738854
16805 0.0570068
16905 0.0790664
17005 0.0781616
17105 0.0728274
17205 0.0657304
17305 0.0850016
17405 0.0878786
17505 0.0837498
17605 0.0852186
17705 0.098458
17805 0.0777562
17905 0.078969
18005 0.0845458
18105 0.104513
18205 0.085904
18305 0.0737196
18405 0.081793
18505 0.111171
18605 0.10937
18705 0.123877
18805 0.089729
18905 0.136643
19005 0.0737426
19105 0.0853046
19205 0.0955258
19305 0.107164
19405 0.106998
19505 0.0720102
19605 0.104192
19705 0.0936234
19805 0.132386
19905 0.111521
20005 0.084872
20105 0.0900516
20205 0.09618
20305 0.108007
20405 0.0779452
20505 0.106379
20605 0.124193
20705 0.086493
20805 0.113937
20905 0.109952
21005 0.103842
21105 0.092419
21205 0.0842106
21305 0.103544
21405 0.102169
21505 0.093808
21605 0.12029
21705 0.15355
21805 0.135932
21905 0.11895
22005 0.119649
22105 0.0901546
22205 0.138727
22305 0.129069
22405 0.12599
22505 0.12798
22605 0.101887
22705 0.110431
22805 0.0918278
22905 0.125061
23005 0.102036
23105 0.0990798
23205 0.12435
23305 0.092187
23405 0.125264
23505 0.113155
23605 0.12209
23705 0.108351
23805 0.152084
23905 0.108964
24005 0.132645
24105 0.0876068
24205 0.076984
24305 0.103526
24405 0.147367
24505 0.0911592
24605 0.13286
24705 0.128952
24805 0.0950486
24905 0.132229
25005 0.142155
25105 0.15164
25205 0.141759
25305 0.139475
25405 0.141905
25505 0.165389
25605 0.112141
25705 0.0983678
25805 0.155385
25905 0.112722
26005 0.127771
26105 0.121365
26205 0.152164
26305 0.126696
26405 0.0897046
26505 0.161103
26605 0.129907
26705 0.152704
26805 0.114094
26905 0.128007
27005 0.156964
27105 0.104085
27205 0.145715
27305 0.179715
27405 0.141091
27505 0.15513
27605 0.117644
27705 0.127795
27805 0.154579
27905 0.133925
28005 0.163012
28105 0.151197
28205 0.144389
28305 0.149167
28405 0.14417
28505 0.139985
28605 0.157453
28705 0.15578
28805 0.129215
28905 0.159634
29005 0.129878
29105 0.185747
29205 0.165943
29305 0.154233
29405 0.152075
29505 0.12259
29605 0.181029
29705 0.172449
29805 0.178173
29905 0.148786
30005 0.171307
30105 0.136205
30205 0.153166
30305 0.189944
30405 0.194816
30505 0.151307
30605 0.173834
30705 0.165298
30805 0.206378
30905 0.183076
31005 0.174148
31105 0.197666
31205 0.175476
31305 0.171245
31405 0.182148
31505 0.202274
31605 0.170045
31705 0.192883
31805 0.148455
31905 0.191767
32005 0.159708
32105 0.166704
32205 0.282068
32305 0.175121
32405 0.218447
32505 0.159446
32605 0.217608
32705 0.222632
32805 0.200602
32905 0.168424
33005 0.187161
33105 0.113377
33205 0.195401
33305 0.216432
33405 0.182551
33505 0.211809
33605 0.180747
33705 0.237144
33805 0.193225
33905 0.20731
34005 0.262374
34105 0.218216
34205 0.190832
34305 0.182131
34405 0.242898
34505 0.238513
34605 0.276172
34705 0.238954
34805 0.181354
34905 0.244057
35005 0.19458
35105 0.204794
35205 0.338557
35305 0.159702
35405 0.221506
35505 0.235837
35605 0.208512
35705 0.186334
35805 0.169497
35905 0.179998
36005 0.267568
36105 0.179332
36205 0.21037
36305 0.166098
36405 0.164741
36505 0.241454
36605 0.204529
36705 0.190916
36805 0.173513
36905 0.236454
37005 0.293486
37105 0.368543
37205 0.233176
37305 0.207603
37405 0.260129
37505 0.237286
37605 0.265996
37705 0.289373
37805 0.265936
37905 0.249953
38005 0.204163
38105 0.211952
38205 0.25917
38305 0.227521
38405 0.269971
38505 0.328659
38605 0.257209
38705 0.287356
38805 0.20729
38905 0.224088
39005 0.311232
39105 0.259407
39205 0.337898
39305 0.285711
39405 0.200963
39505 0.243864
39605 0.272003
39705 0.259934
39805 0.286824
39905 0.202445
40005 0.199104
40105 0.256052
40205 0.33586
40305 0.208514
40405 0.316319
40505 0.350758
40605 0.215899
40705 0.232345
40805 0.224357
40905 0.257673
41005 0.229659
41105 0.21972
41205 0.240225
41305 0.242467
41405 0.272301
41505 0.236364
41605 0.182215
41705 0.232118
41805 0.264329
41905 0.223206
42005 0.316271
42105 0.22853
42205 0.289376
42305 0.228053
42405 0.284184
42505 0.323603
42605 0.211129
42705 0.213537
42805 0.265074
42905 0.324023
43005 0.288449
43105 0.309306
43205 0.186246
43305 0.237832
43405 0.185501
43505 0.24008
43605 0.330445
43705 0.309958
43805 0.227509
43905 0.169265
44005 0.256709
44105 0.245175
44205 0.237208
44305 0.278481
44405 0.258811
44505 0.286295
44605 0.26549
44705 0.298901
44805 0.276444
44905 0.235245
45005 0.320389
45105 0.264397
45205 0.257242
45305 0.379027
45405 0.301321
45505 0.289347
45605 0.330987
45705 0.27516
45805 0.370693
45905 0.367132
46005 0.370438
46105 0.413659
46205 0.289092
46305 0.361378
46405 0.312145
46505 0.241243
46605 0.290713
46705 0.305267
46805 0.263963
46905 0.385871
47005 0.278168
47105 0.345085
47205 0.291154
47305 0.262195
47405 0.29058
47505 0.270943
47605 0.242211
47705 0.255026
47805 0.30407
47905 0.29642
48005 0.318656
48105 0.377393
48205 0.204451
48305 0.406747
48405 0.298582
48505 0.375613
48605 0.348845
48705 0.468155
48805 0.284424
48905 0.23869
49005 0.343439
49105 0.320459
49205 0.287936
49305 0.282447
49405 0.278656
49505 0.232693
49605 0.288493
49705 0.337205
49805 0.31041
49905 0.41039
50005 0.331958
50105 0.396186
50205 0.300428
50305 0.331368
50405 0.281244
50505 0.334701
50605 0.304116
50705 0.316232
50805 0.302629
50905 0.336294
51005 0.3617
51105 0.408944
51205 0.287148
51305 0.304731
51405 0.276424
51505 0.320563
51605 0.328895
51705 0.430503
51805 0.351533
51905 0.276479
52005 0.379802
52105 0.349586
52205 0.310666
52305 0.2959
52405 0.32623
52505 0.336995
52605 0.327051
52705 0.312419
52805 0.379953
52905 0.378655
53005 0.389731
53105 0.316016
53205 0.426968
53305 0.383482
53405 0.368895
53505 0.373384
53605 0.456522
53705 0.344824
53805 0.415763
53905 0.446335
54005 0.295083
54105 0.446165
54205 0.434664
54305 0.335305
54405 0.380675
54505 0.340009
54605 0.556976
54705 0.360935
54805 0.364419
54905 0.378544
55005 0.386135
55105 0.35343
55205 0.612151
55305 0.430254
55405 0.492489
55505 0.451903
55605 0.360614
55705 0.37187
55805 0.410823
55905 0.647184
56005 0.438909
56105 0.362266
56205 0.470845
56305 0.382904
56405 0.356561
56505 0.470279
56605 0.456073
56705 0.421912
56805 0.322964
56905 0.512298
57005 0.431572
57105 0.438459
57205 0.3202
57305 0.412649
57405 0.408575
57505 0.361423
57605 0.417189
57705 0.371798
57805 0.419282
57905 0.374726
58005 0.374553
58105 0.372459
58205 0.428234
58305 0.50618
58405 0.431123
58505 0.493887
58605 0.517898
58705 0.409326
58805 0.428611
58905 0.536812
59005 0.46843
59105 0.404045
59205 0.422529
59305 0.372673
59405 0.366074
59505 0.564874
59605 0.36361
59705 0.503367
59805 0.428878
59905 0.448165
60005 0.407853
60105 0.321786
60205 0.455203
60305 0.463282
60405 0.438748
60505 0.402683
60605 0.43818
60705 0.491366
60805 0.372611
60905 0.52661
61005 0.449385
61105 0.43751
61205 0.5394
61305 0.527154
61405 0.424057
61505 0.322284
61605 0.33953
61705 0.508452
61805 0.517857
61905 0.481645
62005 0.378587
62105 0.542164
62205 0.423718
62305 0.737825
62405 0.448719
62505 0.485248
62605 0.516294
62705 0.627949
62805 0.48003
62905 0.409238
63005 0.572156
63105 0.581638
63205 0.669646
63305 0.45204
63405 0.477808
63505 0.585439
63605 0.389251
63705 0.777875
63805 0.586469
63905 0.587051
64005 0.579033
64105 0.595689
64205 0.622874
64305 0.451925
64405 0.601109
64505 0.52118
64605 0.696904
64705 0.712357
64805 0.474383
64905 0.622615
65005 0.704739
65105 0.525613
65205 0.505844
65305 0.543473
65405 0.56987
65505 0.470901
65605 0.392643
65705 0.536163
65805 0.643117
65905 0.467378
66005 0.509638
66105 0.457146
66205 0.572078
66305 0.685532
66405 0.396349
66505 0.469339
66605 0.479763
66705 0.630531
66805 0.407686
66905 0.596917
67005 0.662804
67105 0.528826
67205 0.497699
67305 0.522844
67405 0.513714
67505 0.603542
67605 0.556495
67705 0.554342
67805 0.500761
67905 0.50914
68005 0.428293
68105 0.569724
68205 0.566216
68305 0.560799
68405 0.639838
68505 0.653818
68605 0.566102
68705 0.524708
68805 0.49946
68905 0.542388
69005 0.468551
69105 0.578566
69205 0.457058
69305 0.619103
69405 0.442882
69505 0.459619
69605 0.618177
69705 0.49033
69805 0.609608
69905 0.673662
70005 0.416576
70105 0.700108
70205 0.718881
70305 0.77821
70405 0.691228
70505 0.629132
70605 0.921293
70705 0.506671
70805 0.728405
70905 0.926228
71005 0.692327
71105 0.599119
71205 0.683862
71305 0.449512
71405 0.645358
71505 0.463197
71605 0.715464
71705 0.763098
71805 0.430745
71905 0.508893
72005 0.469615
72105 0.655768
72205 0.518851
72305 0.863225
72405 0.632056
72505 0.550312
72605 0.620563
72705 0.65808
72805 0.687186
72905 0.499746
73005 0.656844
73105 0.665639
73205 0.493137
73305 0.564954
73405 0.500997
73505 0.410087
73605 0.525386
73705 0.621852
73805 0.509707
73905 0.450285
74005 0.579853
74105 0.58506
74205 0.626772
74305 0.758536
74405 0.740693
74505 0.796914
74605 0.63472
74705 0.63118
74805 0.692822
74905 0.665885
75005 0.822033
75105 0.744344
75205 0.748761
75305 0.882851
75405 0.786596
75505 0.632612
75605 0.685044
75705 0.633792
75805 0.797259
75905 0.538672
76005 0.664445
76105 0.889162
76205 0.977514
76305 0.707383
76405 0.535343
76505 0.480378
76605 0.501783
76705 0.474582
76805 0.577228
76905 0.57767
77005 0.905658
77105 0.722072
77205 0.713465
77305 0.451846
77405 0.696647
77505 0.615192
77605 0.772984
77705 0.605196
77805 0.494569
77905 0.56702
78005 0.492328
78105 0.42439
78205 0.377677
78305 0.526849
78405 0.598594
78505 0.836057
78605 0.857003
78705 0.782418
78805 0.594349
78905 0.662451
79005 0.782625
79105 0.667884
79205 0.60453
79305 0.484643
79405 0.49402
79505 0.538496
79605 0.600381
79705 0.539886
79805 0.624494
79905 0.532523
80005 0.638036
80105 0.372101
80205 0.597738
80305 0.470037
80405 0.461128
80505 0.604667
80605 0.552388
80705 0.665787
80805 0.67058
80905 0.602544
81005 0.413144
81105 0.471671
81205 0.479065
81305 0.514482
81405 0.452395
81505 0.554574
81605 0.507629
81705 0.815717
81805 0.54415
81905 0.48498
82005 0.465776
82105 0.48473
82205 0.569898
82305 0.524992
82405 0.550375
82505 0.502117
82605 0.568361
82705 0.521673
82805 0.435448
82905 0.565942
83005 0.644779
83105 0.423749
83205 0.553202
83305 0.731669
83405 0.581949
83505 0.457967
83605 0.574551
83705 0.632348
83805 0.470368
83905 0.538386
84005 0.627685
84105 0.539911
84205 0.52997
84305 0.711144
84405 0.469236
84505 0.583864
84605 0.533845
84705 0.452706
84805 0.770199
84905 0.674589
85005 0.431504
85105 0.704454
85205 0.247463
85305 0.592733
85405 0.578736
85505 0.4778
85605 0.45519
85705 0.782448
85805 0.777459
85905 0.924153
86005 0.615579
86105 0.991568
86205 0.867275
86305 0.923805
86405 0.740958
86505 0.654192
86605 0.845746
86705 0.844026
86805 1.01819
86905 0.9282
87005 0.989477
87105 1.09108
87205 1.47286
87305 1.44882
87405 0.84375
87505 1.05037
87605 1.15123
87705 1.31865
87805 1.54042
87905 0.949031
88005 0.869789
88105 1.71272
88205 1.28518
88305 1.38151
88405 1.39415
88505 1.06611
88605 1.058
88705 1.14366
88805 0.812361
88905 0.857032
89005 0.919961
89105 0.96664
89205 1.01438
89305 1.22458
89405 0.950839
89505 0.761632
89605 1.304
89705 0.853952
89805 0.762694
89905 0.96541
90005 1.1761
90105 0.791513
90205 0.902085
90305 1.07572
90405 0.936829
90505 0.850807
90605 0.949682
90705 0.776755
90805 0.955212
90905 0.906387
91005 1.01861
91105 0.927771
91205 1.0097
91305 0.837356
91405 0.879251
91505 0.714943
91605 0.602287
91705 0.693634
91805 0.644372
91905 0.542174
92005 0.689181
92105 0.5059
92205 0.570476
92305 0.62638
92405 0.572043
92505 0.659687
92605 0.603077
92705 0.77103
92805 0.629723
92905 0.615277
93005 0.687495
93105 0.675971
93205 0.481245
93305 0.494
93405 0.537619
93505 0.547233
93605 0.446635
93705 0.624442
93805 0.743425
93905 0.645384
94005 0.49731
94105 0.524863
94205 0.804145
94305 0.691741
94405 0.617569
94505 0.669945
94605 0.71705
94705 0.620491
94805 0.724869
94905 0.640161
95005 0.683729
95105 0.726614
95205 0.543945
95305 0.568041
95405 0.745933
95505 0.622215
95605 0.420544
95705 0.625779
95805 0.801257
95905 0.698693
96005 0.601515
96105 0.627804
96205 0.713334
96305 0.842946
96405 0.79415
96505 0.748017
96605 0.734177
96705 0.764349
96805 0.744666
96905 0.820445
97005 0.866902
97105 0.624484
97205 0.591412
97305 0.642504
97405 0.75373
97505 0.70868
97605 0.735417
97705 0.770763
97805 0.51788
97905 0.669674
98005 0.693804
98105 0.73516
98205 0.812383
98305 0.679579
98405 0.730387
98505 0.724082
98605 0.710548
98705 0.748191
98805 0.621144
98905 0.805143
99005 0.583413
99105 0.611489
99205 0.731359
99305 0.67913
99405 0.735228
99505 0.679789
99605 0.546154
99705 0.55996
99805 0.880983
99905 0.653711

