1 2e-06
6 4.3e-05
11 0.000131
16 0.00026
21 0.000539
26 0.001031
31 0.001938
36 0.00279
41 0.004291
46 0.005575
51 0.007333
56 0.009793
61 0.012587
66 0.015729
71 0.021424
76 0.027391
81 0.029415
86 0.035838
91 0.044444
96 0.048871
101 0.060295
106 0.066411
111 0.078191
116 0.086889
121 0.100567
126 0.111315
131 0.124632
136 0.141646
141 0.158406
146 0.17924
151 0.203187
156 0.215649
161 0.225737
166 0.249302
171 0.27016
176 0.293219
181 0.316393
186 0.343717
191 0.382618
196 0.410088
201 0.430857
206 0.475381
211 0.498074
216 0.537293
221 0.572485
226 0.610376
231 0.66236
236 0.724685
241 0.799178
246 0.823
251 0.859226
256 0.916702
261 1.00996
266 0.990502
271 1.09206
276 1.10749
281 1.15928
286 1.30739
291 1.29721
296 1.38546
301 1.50445
306 1.54485
311 1.57887
316 1.66747
321 1.71028
326 1.90324
331 2.07765
336 2.14675
341 2.25422
346 2.37652
351 2.42577
356 2.79915
361 2.68184
366 2.75118
371 3.05151
376 3.0494
381 3.13273
386 3.27668
391 3.39206
396 3.79464
401 3.68944
406 3.74967
411 3.91546
416 4.12673
421 4.20514
426 4.33887
431 4.53023
436 4.7704
441 4.80637
446 5.02953
451 5.69325
456 5.55094
461 5.54126
466 5.69842
471 5.89894
476 6.16894
481 6.21814
486 6.49422
491 6.70795
496 7.2144
501 7.16756
506 7.29667
511 7.47942
516 8.42517
521 8.18936
526 8.80583
531 8.41157
536 8.58381
541 8.89156
546 9.19494
551 9.60961
556 9.60181
561 9.96956
566 10.1642
571 10.4479
576 11.0272
581 11.301
586 11.8728
591 11.9167
596 11.963
601 12.3716
606 12.9991
611 13.4117
616 13.502
621 13.3421
626 13.851
631 13.9577
636 14.5574
641 15.0246
646 15.1951
651 16.5678
656 16.1273
661 16.7213
666 16.9276
671 17.8029
676 17.8998
681 18.077
686 18.3723
691 18.6272
696 18.8211
701 20.2366
706 19.9116
711 20.63
716 20.8728
721 20.9867
726 21.9442
731 22.2998
736 22.0677
741 23.0223
746 23.5402
751 23.8878
756 24.5398
761 25.6338
766 24.9733
771 25.7035
776 26.1122
781 26.9574
786 27.0847
791 28.049
796 28.8025
801 29.2537
806 29.9358
811 30.0427
816 31.1176
821 33.3623
826 33.0862
831 35.4133
836 35.1491
841 34.4726
846 35.3421
851 35.3585
856 35.5546
861 36.2094
866 37.4737
871 37.7164
876 39.1142
881 41.6291
886 40.7448
891 41.1159
896 42.2961
901 42.8868
906 42.2141
911 44.6562
916 45.5959
