
11 1.07e-05
21 1.19e-05
31 2.04e-05
41 1.84e-05
51 2.18e-05
61 2.9e-05
71 2.42e-05
81 2.25e-05
91 3.04e-05
101 2.55e-05
111 3.25e-05
121 2.97e-05
131 3.04e-05
141 3.63e-05
151 4.32e-05
161 4.07e-05
171 4.93e-05
181 4.11e-05
191 4.39e-05
201 4.68e-05
211 4.74e-05
221 4.99e-05
231 5.36e-05
241 5.01e-05
251 5.77e-05
261 4.99e-05
271 6.12e-05
281 5.37e-05
291 6.14e-05
301 6.43e-05
311 5.48e-05
321 6.53e-05
331 6.52e-05
341 7.32e-05
351 5.94e-05
361 6.85e-05
371 7.58e-05
381 7.76e-05
391 7.3e-05
401 6.86e-05
411 7.98e-05
421 7.88e-05
431 7.84e-05
441 7.15e-05
451 8.93e-05
461 9e-05
471 0.0001043
481 8.44e-05
491 0.0001023
501 0.0001322
511 0.0001059
521 0.000104
531 0.0001138
541 0.0001205
551 9.29e-05
561 0.0001157
571 0.0001111
581 0.0001592
591 0.0001044
601 0.0001118
611 9.7e-05
621 9.32e-05
631 0.0001049
641 0.0001204
651 0.0001082
661 0.0001109
671 0.0001247
681 0.0001342
691 0.0001219
701 0.0001185
711 0.0001097
721 0.0001207
731 0.0001088
741 0.0001123
751 0.0001349
761 0.0001247
771 0.0001239
781 0.000123
791 0.0001223
801 0.00016
811 0.0001371
821 0.0001457
831 0.0001382
841 0.0001523
851 0.000132
861 0.0001359
871 0.0001306
881 0.0001246
891 0.0001174
901 0.000136
911 0.0001387
921 0.0001305
931 0.0001605
941 0.000158
951 0.0001519
961 0.0001622
971 0.0001654
981 0.0001406
991 0.0001727
1001 0.0001657
1011 0.0001866
1021 0.0001727
1031 0.0001702
1041 0.0001504
1051 0.0001494
1061 0.0001782
1071 0.0001724
1081 0.0001683
1091 0.0001513
1101 0.0001701
1111 0.0001774
1121 0.0001751
1131 0.000193
1141 0.0001775
1151 0.0001753
1161 0.0001839
1171 0.0001702
1181 0.0001715
1191 0.0001904
1201 0.0001867
1211 0.0001917
1221 0.0001812
1231 0.000217
1241 0.0002183
1251 0.0002385
1261 0.0002472
1271 0.0002257
1281 0.0002041
1291 0.0002377
1301 0.0002098
1311 0.0001985
1321 0.0001918
1331 0.000201
1341 0.0002101
1351 0.0002122
1361 0.000232
1371 0.0001962
1381 0.0002271
1391 0.0002194
1401 0.0002159
1411 0.0002463
1421 0.0002406
1431 0.0002173
1441 0.000235
1451 0.000339
1461 0.0002423
1471 0.0002299
1481 0.0002189
1491 0.0002252
1501 0.0002117
1511 0.0003342
1521 0.0002144
1531 0.0003071
1541 0.000221
1551 0.0002611
1561 0.0003784
1571 0.0002623
1581 0.00027
1591 0.0002738
1601 0.000284
1611 0.000277
1621 0.0002891
1631 0.0003201
1641 0.0002921
1651 0.0002732
1661 0.0002881
1671 0.0002656
1681 0.0002726
1691 0.0002934
1701 0.0002693
1711 0.0002693
1721 0.0002558
1731 0.000315
1741 0.0003798
1751 0.0002758
1761 0.0002592
1771 0.0002783
1781 0.0002951
1791 0.0002779
1801 0.0002945
1811 0.0003095
1821 0.0002658
1831 0.0002623
1841 0.0002913
1851 0.0002846
1861 0.0002944
1871 0.0003034
1881 0.0003211
1891 0.0002992
1901 0.0002884
1911 0.0002809
1921 0.0002731
1931 0.0002961
1941 0.0002898
1951 0.000325
1961 0.0004654
1971 0.0003026
1981 0.0002843
1991 0.0002905
2001 0.0003171
2011 0.000289
2021 0.0002975
2031 0.0002748
2041 0.000288
2051 0.0003022
2061 0.0003008
2071 0.0003004
2081 0.0002843
2091 0.0002933
2101 0.0003195
2111 0.0003289
2121 0.0003039
2131 0.0002936
2141 0.0002996
2151 0.0002935
2161 0.0003123
2171 0.0003936
2181 0.0003998
2191 0.0003076
2201 0.000328
2211 0.0003345
2221 0.0003069
2231 0.0003152
2241 0.0003032
2251 0.000318
2261 0.0003195
2271 0.0003129
2281 0.0003143
2291 0.0003053
2301 0.0003172
2311 0.000296
2321 0.0003272
2331 0.0003079
2341 0.0002952
2351 0.000316
2361 0.0003023
2371 0.0002887
2381 0.0003106
2391 0.0005034
2401 0.0003086
2411 0.0003033
2421 0.0002782
2431 0.0002939
2441 0.000354
2451 0.0003229
2461 0.0003308
2471 0.0003776
2481 0.0003496
2491 0.0003516
2501 0.0003212
2511 0.0003281
2521 0.0003371
2531 0.0003688
2541 0.000318
2551 0.0003085
2561 0.0002952
2571 0.0003266
2581 0.0003764
2591 0.0005014
2601 0.0003946
2611 0.0003374
2621 0.0003889
2631 0.0003458
2641 0.0003388
2651 0.000337
2661 0.0003408
2671 0.000317
2681 0.0003308
2691 0.0003426
2701 0.0003549
2711 0.0003345
2721 0.0003277
2731 0.0003332
2741 0.000367
2751 0.0003815
2761 0.0004131
2771 0.0004272
2781 0.0005241
2791 0.0004975
2801 0.0004312
2811 0.0004325
2821 0.0004468
2831 0.0004254
2841 0.0004421
2851 0.0004009
2861 0.0004091
2871 0.0003835
2881 0.0004586
2891 0.0003788
2901 0.0004261
2911 0.0003931
2921 0.0003788
2931 0.0003663
2941 0.0003608
2951 0.0003832
2961 0.0004623
2971 0.0006246
2981 0.0003691
2991 0.0003701
3001 0.0003839
3011 0.0003583
3021 0.0003454
3031 0.0003581
3041 0.0003304
3051 0.000348
3061 0.0003439
3071 0.0003489
3081 0.0003838
3091 0.0004048
3101 0.000472
3111 0.0004072
3121 0.0004401
3131 0.0004692
3141 0.0004943
3151 0.0007559
3161 0.0004634
3171 0.0004799
3181 0.0004692
3191 0.0004826
3201 0.0004549
3211 0.00042
3221 0.0004181
3231 0.0004128
3241 0.0004058
3251 0.000398
3261 0.0003966
3271 0.0003752
3281 0.0003898
3291 0.0003906
3301 0.0003608
3311 0.0003843
3321 0.0005037
3331 0.0005478
3341 0.000396
3351 0.0003787
3361 0.000375
3371 0.0003652
3381 0.0003789
3391 0.0003672
3401 0.0004035
3411 0.0003762
3421 0.0003526
3431 0.0003313
3441 0.0003635
3451 0.0003494
3461 0.0003421
3471 0.000343
3481 0.0003662
3491 0.0003592
3501 0.0003712
3511 0.0004764
3521 0.0005157
3531 0.000413
3541 0.0004028
3551 0.0004179
3561 0.0004096
3571 0.0004125
3581 0.0004547
3591 0.0004536
3601 0.0004467
3611 0.0004385
3621 0.000477
3631 0.0004483
3641 0.0004642
3651 0.0004502
3661 0.000431
3671 0.000479
3681 0.000751
3691 0.0004719
3701 0.0004916
3711 0.0004847
3721 0.0005232
3731 0.0004627
3741 0.0004379
3751 0.0004771
3761 0.0004793
3771 0.0004688
3781 0.0004635
3791 0.0004681
3801 0.0004649
3811 0.0004567
3821 0.0004617
3831 0.000459
3841 0.0006971
3851 0.0004886
3861 0.0004851
3871 0.0005191
3881 0.0005026
3891 0.0004981
3901 0.0005045
3911 0.0005005
3921 0.000488
3931 0.000491
3941 0.0004843
3951 0.000496
3961 0.0004731
3971 0.0004987
3981 0.0004892
3991 0.0005687
4001 0.0007968
4011 0.000509
4021 0.0005148
4031 0.000577
4041 0.000548
4051 0.0005428
4061 0.0005226
4071 0.0005334
4081 0.0005347
4091 0.0005232
4101 0.0005662
4111 0.0005663
4121 0.000603
4131 0.0006052
4141 0.0008251
4151 0.0006026
4161 0.000604
4171 0.0005994
4181 0.0005701
4191 0.0005841
4201 0.0005998
4211 0.0006084
4221 0.0006153
4231 0.0005846
4241 0.0005592
4251 0.0005447
4261 0.0005497
4271 0.0006374
4281 0.0006301
4291 0.0005215
4301 0.0005152
4311 0.0005004
4321 0.0005065
4331 0.0004987
4341 0.0005442
4351 0.0005104
4361 0.0005406
4371 0.0005662
4381 0.0005228
4391 0.0005796
4401 0.0004784
4411 0.0004899
4421 0.0005679
4431 0.0006972
4441 0.000502
4451 0.0006017
4461 0.0005495
4471 0.0005275
4481 0.0006833
4491 0.0006268
4501 0.000543
4511 0.0005255
4521 0.0005157
4531 0.000517
4541 0.0004938
4551 0.0004988
4561 0.00056
4571 0.0006813
4581 0.0005262
4591 0.0005031
4601 0.0005129
4611 0.0004971
4621 0.0005462
4631 0.0005254
4641 0.000589
4651 0.0006039
4661 0.0005912
4671 0.0006604
4681 0.0006491
4691 0.0006771
4701 0.000714
4711 0.0008168
4721 0.0006442
4731 0.0006319
4741 0.0005824
4751 0.0006269
4761 0.000642
4771 0.0006082
4781 0.0005711
4791 0.0006677
4801 0.0005938
4811 0.000651
4821 0.0005959
4831 0.0008025
4841 0.0005579
4851 0.0005857
4861 0.0005353
4871 0.000555
4881 0.0005204
4891 0.0005885
4901 0.0005228
4911 0.0005316
4921 0.0005261
4931 0.0005391
4941 0.0005788
4951 0.0005438
4961 0.000634
4971 0.0008767
4981 0.000548
4991 0.0005898
5001 0.0006011
5011 0.0005609
5021 0.000573
5031 0.0005441
5041 0.0006131
5051 0.0005718
5061 0.0005733
5071 0.0006514
5081 0.00059
5091 0.0005941
5101 0.0010169
5111 0.0006514
5121 0.0005251
5131 0.0006311
5141 0.000545
5151 0.0005847
5161 0.0005765
5171 0.0007507
5181 0.000523
5191 0.0005861
5201 0.0005847
5211 0.0007104
5221 0.0005632
5231 0.0009302
5241 0.0006002
5251 0.0006329
5261 0.0005466
5271 0.0005752
5281 0.0005651
5291 0.0005728
5301 0.0005764
5311 0.000583
5321 0.0005509
5331 0.0005446
5341 0.0005679
5351 0.0005674
5361 0.0006928
5371 0.0006339
5381 0.0005984
5391 0.0006569
5401 0.0006209
5411 0.00061
5421 0.0006033
5431 0.0006539
5441 0.0006159
5451 0.0006218
5461 0.0006025
5471 0.0005718
5481 0.0005863
5491 0.0006243
5501 0.0007158
5511 0.0006757
5521 0.0006836
5531 0.0006111
5541 0.0005885
5551 0.0006073
5561 0.0006444
5571 0.0006072
5581 0.0006402
5591 0.0006524
5601 0.0006922
5611 0.0006786
5621 0.0011135
5631 0.0006785
5641 0.0007064
5651 0.000722
5661 0.0007288
5671 0.0006669
5681 0.0007317
5691 0.0007339
5701 0.000725
5711 0.0006669
5721 0.0006917
5731 0.0008236
5741 0.0007065
5751 0.0006972
5761 0.0006589
5771 0.0006862
5781 0.0006232
5791 0.0006181
5801 0.0006715
5811 0.0007322
5821 0.0006626
5831 0.0007173
5841 0.0006095
5851 0.0006264
5861 0.0006793
5871 0.0005703
5881 0.0005661
5891 0.0006251
5901 0.0005742
5911 0.0006703
5921 0.0005807
5931 0.0006068
5941 0.0006739
5951 0.0006712
5961 0.0007167
5971 0.000704
5981 0.0011096
5991 0.0008649
6001 0.000735
6011 0.0007116
6021 0.0007338
6031 0.0006858
6041 0.0007168
6051 0.0007261
6061 0.000693
6071 0.0007133
6081 0.0006923
6091 0.0006753
6101 0.0009206
6111 0.0006659
6121 0.0006821
6131 0.0006457
6141 0.0006515
6151 0.0006708
6161 0.0006782
6171 0.0007268
6181 0.0007071
6191 0.0007016
6201 0.0007092
6211 0.000766
6221 0.001242
6231 0.0008365
6241 0.0007832
6251 0.0008
6261 0.0007376
6271 0.0007079
6281 0.0007216
6291 0.0007104
6301 0.0007502
6311 0.0007675
6321 0.001035
6331 0.0007622
6341 0.0008181
6351 0.000736
6361 0.0007241
6371 0.0006893
6381 0.0006909
6391 0.0006955
6401 0.0006856
6411 0.0006943
6421 0.0006736
6431 0.0010747
6441 0.0007858
6451 0.0007114
6461 0.0007055
6471 0.0007152
6481 0.0007102
6491 0.0007309
6501 0.0006849
6511 0.0006842
6521 0.0006954
6531 0.0006942
6541 0.000686
6551 0.0008685
6561 0.0006832
6571 0.0006926
6581 0.0007361
6591 0.0007307
6601 0.0007076
6611 0.0007265
6621 0.0007254
6631 0.0007101
6641 0.0007053
6651 0.0006783
6661 0.0008094
6671 0.0007151
6681 0.0007825
6691 0.000777
6701 0.0008182
6711 0.0007928
6721 0.0007809
6731 0.000755
6741 0.0007561
6751 0.0007647
6761 0.000765
6771 0.0008604
6781 0.0007859
6791 0.0007395
6801 0.0007455
6811 0.0007334
6821 0.0007581
6831 0.0006991
6841 0.0006992
6851 0.0006819
6861 0.000666
6871 0.0006832
6881 0.0007214
6891 0.0009991
6901 0.000702
6911 0.0007011
6921 0.0007243
6931 0.000803
6941 0.0008339
6951 0.0007971
6961 0.0007786
6971 0.0008245
6981 0.0007898
6991 0.0008566
7001 0.0010418
7011 0.0007827
7021 0.0008489
7031 0.0008146
7041 0.0008187
7051 0.000811
7061 0.0008111
7071 0.0008146
7081 0.0007982
7091 0.000823
7101 0.0012223
7111 0.0008071
7121 0.0008391
7131 0.000815
7141 0.0008272
7151 0.0007794
7161 0.0008869
7171 0.0008846
7181 0.00088
7191 0.000871
7201 0.0009072
7211 0.0011164
7221 0.000842
7231 0.0008599
7241 0.0008496
7251 0.0008779
7261 0.0008619
7271 0.000854
7281 0.0008523
7291 0.0009241
7301 0.0011328
7311 0.0009209
7321 0.000879
7331 0.0008935
7341 0.0008818
7351 0.0008854
7361 0.0008731
7371 0.0008844
7381 0.000858
7391 0.000953
7401 0.0013943
7411 0.0009591
7421 0.0009062
7431 0.0009198
7441 0.0009192
7451 0.0008895
7461 0.0008696
7471 0.0008357
7481 0.000845
7491 0.0008571
7501 0.001181
7511 0.0008331
7521 0.0008134
7531 0.0008172
7541 0.0008391
7551 0.0008594
7561 0.0008227
7571 0.0008165
7581 0.0008028
7591 0.0008128
7601 0.0008253
7611 0.0009858
7621 0.0008144
7631 0.0009029
7641 0.0008843
7651 0.0008565
7661 0.0009271
7671 0.0009308
7681 0.0008606
7691 0.000856
7701 0.0011166
7711 0.0009076
7721 0.000881
7731 0.0009152
7741 0.0009341
7751 0.000934
7761 0.0009552
7771 0.0009213
7781 0.0008876
7791 0.0009697
7801 0.0012721
7811 0.0009314
7821 0.0010234
7831 0.0009565
7841 0.0009371
7851 0.0009385
7861 0.0009255
7871 0.0009064
7881 0.0009068
7891 0.0011084
7901 0.0008996
7911 0.0010007
7921 0.0008825
7931 0.0009569
7941 0.0009133
7951 0.0009547
7961 0.0009504
7971 0.0009575
7981 0.0012005
7991 0.000938
8001 0.0009509
8011 0.0009757
8021 0.0009532
8031 0.0009624
8041 0.0009562
8051 0.0009985
8061 0.0010027
8071 0.0010889
8081 0.0010024
8091 0.0009702
8101 0.0010041
8111 0.0010076
8121 0.0009819
8131 0.001015
8141 0.0010139
8151 0.0010375
8161 0.0012137
8171 0.0010271
8181 0.0010075
8191 0.0009909
8201 0.0009651
8211 0.00099
8221 0.0009939
8231 0.0010213
8241 0.0010021
8251 0.0013063
8261 0.0010388
8271 0.0010548
8281 0.0010409
8291 0.0010258
8301 0.001
8311 0.0010713
8321 0.0011009
8331 0.0011177
8341 0.0013971
8351 0.0010853
8361 0.0011049
8371 0.001105
8381 0.0011595
8391 0.0013401
8401 0.0011478
8411 0.0011423
8421 0.0015387
8431 0.0011806
8441 0.0012053
8451 0.0012174
8461 0.001269
8471 0.0012689
8481 0.0012333
8491 0.001525
8501 0.0012311
8511 0.0012222
8521 0.0012192
8531 0.0011818
8541 0.0012114
8551 0.0011924
8561 0.0011419
8571 0.0014131
8581 0.0011134
8591 0.0011196
8601 0.0011053
8611 0.0010824
8621 0.0011286
8631 0.0011219
8641 0.0011468
8651 0.0014144
8661 0.0011178
8671 0.0011136
8681 0.0011048
8691 0.0010968
8701 0.0010774
8711 0.001108
8721 0.0011342
8731 0.0012778
8741 0.0011258
8751 0.0011188
8761 0.0010894
8771 0.0010688
8781 0.0010575
8791 0.0010658
8801 0.0010745
8811 0.0010955
8821 0.0013077
8831 0.001052
8841 0.0010473
8851 0.0010804
8861 0.0010738
8871 0.0010551
8881 0.001042
8891 0.001032
8901 0.0014283
8911 0.0011522
8921 0.0011434
8931 0.0011588
8941 0.0012169
8951 0.0011773
8961 0.0011686
8971 0.0011654
8981 0.0016033
8991 0.0011251
9001 0.001141
9011 0.0011551
9021 0.0011722
9031 0.0011515
9041 0.0011373
9051 0.0011364
9061 0.0015844
9071 0.0011462
9081 0.0011388
9091 0.0011082
9101 0.0011898
9111 0.0011532
9121 0.0011357
9131 0.001139
9141 0.0014455
9151 0.0011308
9161 0.0010985
9171 0.0010787
9181 0.001067
9191 0.0010697
9201 0.0010764
9211 0.0010624
9221 0.0010554
9231 0.0012369
9241 0.0010229
9251 0.0010186
9261 0.0010552
9271 0.0009941
9281 0.0010211
9291 0.0010074
9301 0.0010433
9311 0.0014098
9321 0.0010188
9331 0.0010229
9341 0.0010123
9351 0.0010071
9361 0.0010145
9371 0.0010373
9381 0.0010718
9391 0.0010774
9401 0.0014551
9411 0.0010649
9421 0.0010365
9431 0.0010341
9441 0.0010232
9451 0.0010016
9461 0.0010729
9471 0.0010563
9481 0.0013665
9491 0.0011362
9501 0.0011228
9511 0.0012213
9521 0.0012119
9531 0.0011921
9541 0.0011494
9551 0.0011524
9561 0.0014715
9571 0.001127
9581 0.0011146
9591 0.0010875
9601 0.0010721
9611 0.0010433
9621 0.0010691
9631 0.0010598
9641 0.0010939
9651 0.0012541
9661 0.0011013
9671 0.0011101
9681 0.0010981
9691 0.0010737
9701 0.0010683
9711 0.0011423
9721 0.001105
9731 0.0015806
9741 0.0010952
9751 0.0010865
9761 0.0010583
9771 0.0011487
9781 0.0010907
9791 0.0011226
9801 0.0010015
9811 0.0013205
9821 0.0009602
9831 0.000999
9841 0.0009783
9851 0.0009547
9861 0.0009775
9871 0.0011245
9881 0.0009988
9891 0.0010048
9901 0.0009972
9911 0.0009649
9921 0.0010044
9931 0.0010828
9941 0.0010391
9951 0.0011337
9961 0.0011424
9971 0.0011428
9981 0.0012833
9991 0.0010964
