100
69.379997 29.290001
60.799999 10.780000
56.119999 34.639999
2.780000 8.480000
91.839996 51.020000
0.520000 67.760002
58.590000 33.500000
54.889999 79.459999
27.750000 7.090000
87.870003 52.169998
33.959999 26.860001
34.880001 72.860001
89.779999 82.750000
3.410000 0.490000
99.139999 55.849998
31.049999 81.349998
44.580002 98.879997
58.830002 31.500000
36.910000 79.580002
96.230003 1.030000
30.370001 78.830002
84.860001 0.780000
16.830000 89.070000
42.990002 58.220001
10.380000 22.080000
58.680000 12.530000
63.459999 69.430000
99.599998 49.220001
57.810001 67.279999
58.410000 77.190002
27.740000 74.180000
40.689999 60.840000
92.019997 71.820000
87.019997 0.350000
78.029999 15.220000
44.770000 59.639999
92.540001 47.779999
98.029999 77.760002
94.769997 46.029999
39.860001 89.059998
40.310001 85.120003
47.799999 35.860001
8.770000 7.500000
14.040000 10.180000
96.589996 62.099998
86.459999 23.910000
95.330002 71.220001
28.340000 18.600000
24.209999 53.549999
41.230000 1.880000
90.010002 58.080002
78.559998 15.200000
30.740000 21.290001
21.690001 2.440000
66.680000 54.730000
86.470001 20.240000
80.620003 86.730003
13.730000 27.870001
47.029999 59.849998
5.250000 51.270000
8.880000 57.720001
69.290001 49.110001
36.869999 34.560001
80.220001 85.059998
79.599998 86.230003
10.440000 99.129997
50.090000 86.110001
38.070000 95.370003
62.980000 80.040001
15.310000 18.290001
85.519997 26.049999
11.180000 78.629997
86.430000 39.160000
29.480000 57.389999
50.310001 39.950001
85.400002 38.860001
43.470001 30.180000
0.580000 62.000000
5.370000 55.410000
4.690000 12.860000
2.910000 91.510002
42.840000 15.010000
96.440002 84.059998
45.810001 80.750000
45.880001 98.099998
63.970001 35.130001
54.680000 89.900002
28.100000 1.530000
57.310001 67.449997
46.990002 44.340000
93.419998 76.800003
7.380000 78.559998
19.530001 50.279999
41.820000 2.370000
80.470001 58.919998
45.080002 91.110001
56.540001 54.580002
45.020000 45.500000
30.379999 76.209999
29.379999 43.060001
