0.7594969
0.6919834
0.3462854
0.8556995
0.3528804
0.6863497
0.6699049
0.5771107
0.5296774
0.5471661
0.2780666
0.2747556
0.56155
0.4902694
0.7166384
0.3447647
0.5400101
0.3182921
0.5704846
0.3249953
0.5328237
0.384864
0.3373231
0.2616821
0.4147412
0.4746555
0.4371608
0.5466134
0.4361065
0.7386367
0.5203468
0.8110321
0.6807405
0.4287557
0.6033805
0.2774242
0.3994767
0.4611465
0.3165247
0.4855803
0.6198217
0.4887976
0.6676686
0.3977652
0.3592602
0.587608
0.4222718
0.2667897
0.2267135
0.3595867
0.2299426
0.6427687
0.2554824
0.1682834
0.3813212
0.5846436
0.4140764
0.1200985
0.3920537
0.3165571
0.4037555
0.2687488
0.25869
0.6843274
0.5017916
0.589681
0.03132327
0.5108652
0.5862646
0.5806433
0.5922878
0.5381765
0.4699888
0.543062
0.5601604
0.4954087
0.3807997
0.5495403
0.4940801
0.4345854
0.1577089
0.793854
0.4886554
0.4026759
0.5570143
0.589395
0.426287
0.3095485
0.5523008
0.598286
0.4329652
0.4732653
0.5624728
0.3872046
0.7186025
0.3957398
0.2716337
0.7661132
0.5248253
0.4655522
