0.666331
0.7493768
0.9121851
0.7945664
0.376711
0.3099625
0.6034869
0.6323629
0.5482454
0.6752491
0.553503
0.4139133
0.697578
0.3427156
0.4072229
0.5369509
0.656233
0.47584
0.3732022
0.7656388
0.386225
0.4466534
0.5640365
0.5678185
0.542467
0.4156241
0.4508887
0.9216963
0.6068715
0.5778716
0.7671682
0.3246347
0.604444
0.4657983
0.4507269
0.6825038
0.363859
0.2345483
0.8326129
0.5376734
0.2648662
0.6247251
0.4035163
0.4982915
0.6757117
0.670958
0.5075338
0.4029368
0.4447233
0.263098
0.5687628
0.6776611
0.4455475
0.5124577
0.208914
0.4529903
0.9238221
0.359307
0.6695142
0.4128272
0.3201938
0.1815626
0.5035472
0.4989644
0.5367263
0.6309234
0.8400687
0.5511084
0.3791665
0.4683381
0.4290611
0.514507
0.5389177
0.3690851
0.6114436
0.3763751
0.3545468
0.4438101
0.3241146
0.5228485
0.5699763
0.3515409
0.4106825
0.434292
0.5032304
0.6677518
0.6317353
0.6941903
0.5413605
0.2600771
0.2975706
0.6206826
0.9666927
0.2894989
0.3054701
0.5643974
0.9075025
0.5504208
0.5287327
0.7045271
