0.4405547
0.2983314
0.3748359
0.7175509
0.483975
0.5491417
0.7131313
0.5002482
0.9882275
0.816674
0.4948137
0.361527
0.3865062
0.2635632
0.4221577
0.1194635
0.4165351
0.214857
0.5790554
0.8238175
0.2366362
0.7439837
0.4201898
0.4232479
0.5144092
0.3901017
0.3720428
0.7054922
0.515478
0.5992751
0.4424777
0.3785658
0.3509151
0.4855914
0.4536469
0.2379726
0.4939659
0.2077593
0.603158
0.5028168
0.2199076
0.2948746
0.5204007
0.5760551
0.6427828
0.4016338
0.2381644
0.1676227
0.2835403
0.6418783
0.515118
0.6485842
0.5808703
0.4215156
0.3123294
0.2926513
0.5951945
0.7152351
0.383239
0.5885342
0.8411674
0.5781358
0.6202502
0.3250223
0.5448763
0.4877854
0.6873661
0.4164984
0.4736647
0.5896315
0.4006195
0.4731457
0.6628397
0.377384
0.288403
0.5141449
0.5674811
0.5313335
0.5469423
0.5708664
0.6748237
0.4890454
0.5332748
0.6267336
0.4728303
0.5852266
0.3201463
0.403173
0.3619499
0.5034162
0.4919453
0.6092983
0.500609
0.3245275
0.4083116
0.5202697
0.4965516
0.6496337
0.2581363
0.5783951
