0.5421826
0.6286552
0.5238505
0.5066447
0.3780592
0.5930238
0.3923284
0.2000704
0.3462958
0.1666615
0.405138
0.3646835
0.4316959
0.4264845
0.5063946
0.7062436
0.6074753
0.5998941
0.7207488
0.4749153
0.3734981
0.4031949
0.3393551
0.488636
0.3893676
0.5097562
0.6337676
0.3577612
0.4874359
0.2000116
0.3187043
0.686611
0.6725925
0.2859223
0.6447496
0.6682454
0.3649222
0.4326129
0.7329162
0.4390228
0.4544826
0.5614902
0.4952218
0.3372709
0.8179723
0.3475731
0.6533392
0.7870553
0.5817739
0.8367887
0.2733161
0.451798
0.6405518
0.7448237
0.1818394
0.3387001
0.4575892
0.2258659
0.4033237
0.3812292
0.4207339
0.6265999
0.5005881
0.721448
0.6112523
0.5882125
0.5131032
0.4672494
0.6195539
0.5753133
0.370906
0.3428673
0.5969617
0.3430996
0.4867835
0.4420536
0.4863731
0.6237881
0.4773377
0.5378185
0.6488297
0.822471
0.6119602
0.5629856
0.5360874
0.365207
0.4378128
0.630858
0.4081541
0.2775233
0.5457268
0.4594845
0.4533911
0.7357362
0.3820316
0.3374138
0.3710348
0.6662972
-0.03328814
0.5067867
