0.3839217
0.585602
0.570846
0.698446
0.09777994
0.6151136
0.6190589
0.5956739
0.2736641
0.5621238
0.4097733
0.6410024
0.5974733
0.5512895
0.3791913
0.9930454
0.6250931
0.6444283
0.5863718
0.65987
0.6102159
0.592364
0.8393576
0.356586
0.5946633
0.460305
0.6250548
0.2355969
0.2773232
0.6275026
0.5378338
0.612987
0.4925306
0.4338412
0.3608437
0.599344
0.639218
0.484584
0.5534022
0.6701928
0.5436634
0.3108731
0.4670522
0.6932494
0.2269072
0.5910919
0.6079927
0.5676208
0.6280531
0.3648347
0.5562567
0.2217539
0.5627586
0.4842291
0.7058336
0.6666971
0.5760278
0.4685621
0.3061482
0.4294937
0.6387097
0.6778089
0.6657454
0.5315746
0.5216918
0.4356068
0.6243015
0.5619284
0.7193304
0.5827761
0.4575554
0.6569662
0.7525997
0.5322572
0.7138615
0.5293292
0.7363857
0.4935745
0.3206212
0.3988959
0.4971477
0.6052851
0.6072586
0.3264786
0.5549606
0.2349823
0.4587559
0.6834068
0.6056596
0.57279
0.5549908
0.9661046
0.4550621
0.7207645
0.6293833
0.4143404
0.6246778
0.6393285
0.3925593
0.560085
