0.4633222
0.5918015
0.5376972
0.5923068
0.2696104
0.5863152
0.3936723
0.4885329
0.3519558
0.4916471
0.5434049
0.4412678
0.5783322
0.589452
0.5829848
0.4008014
0.7069033
0.5737586
0.6544313
0.5547069
0.4643113
0.5689577
0.2758036
0.4152425
0.4134891
0.3865754
0.6968393
0.5064321
0.4934584
0.5491268
0.5874703
0.4647893
0.4454387
0.4619972
0.3714536
0.3379613
0.7481621
0.6214263
0.5961246
0.2536736
0.4391232
0.2864694
0.6835971
0.7852567
0.4937195
0.2440427
0.4554529
0.386821
0.1707675
0.5511369
0.4621496
0.6360648
0.315974
0.8688503
0.6772844
0.7662838
0.6963517
0.2508769
0.5934956
0.2762682
0.5160187
0.4054613
0.5962786
0.4002976
0.6471463
0.5333855
0.3006908
0.4237529
0.7874544
0.6480895
0.6350205
0.42918
0.5797921
0.3245643
0.4325825
0.5846163
0.6400641
0.7138396
0.1238703
0.4827852
0.6917783
0.5924218
0.311131
0.4806874
0.5685137
0.249075
0.6873088
0.4052275
0.2510094
0.4633148
0.6118297
0.5202907
0.4343077
0.5560165
0.2839292
0.4549399
0.5122698
0.4132243
0.7157416
0.6606371
