0.4801541
0.53623
0.3542431
0.2873715
0.5079989
0.3420379
0.3511357
0.4841684
0.4280824
0.5342642
0.7533743
0.3146461
0.6954846
0.5428382
0.5624357
0.481282
0.6775163
0.4505876
0.4118993
0.6302622
0.4869994
0.4961796
0.3540767
0.5778096
0.4131855
0.5539912
0.4202126
0.3544064
0.2613352
0.4421083
0.7976893
0.6820985
0.4172657
0.6079711
0.3983207
0.4053677
0.3778992
0.2313558
0.389056
0.5130781
0.4739658
0.3682111
0.5942741
0.5187142
0.5019868
0.4561933
0.7495162
0.7911173
0.653604
0.637743
0.4885267
0.4723402
0.4254111
0.5458621
0.6285977
0.3324981
0.4166422
0.5099247
0.2608447
0.5865041
0.5784578
0.5392079
0.7171745
0.7547659
0.5222898
0.381927
0.4783548
0.3798118
0.3176647
0.5670205
0.5763588
0.7116209
0.5898696
0.644934
0.6165347
0.3377101
0.3558905
0.4008502
0.5943937
0.1946789
0.5927186
0.4065374
0.2744242
0.5251662
0.239131
0.5999298
0.5142395
0.3671638
0.4617145
0.5745661
0.5534866
0.4266248
0.5935969
0.6123751
0.5330899
0.5150841
0.4604709
0.5649188
0.1902211
0.4291313
