0.7292501
0.3483707
0.2545826
0.4936624
0.3466539
0.3574126
0.4136601
0.5491832
0.5365404
0.7163943
0.5174259
0.2567699
0.7621959
0.3218355
0.4871549
0.3795306
0.4602628
0.4001933
0.5254533
0.6175123
0.5076968
0.5485778
0.4616736
0.5868677
0.1556006
0.4859327
0.7523591
0.6179592
0.5893865
0.5279387
0.8672497
0.09394766
0.6188943
0.5642784
0.6325942
0.4441612
0.6351394
0.4454121
0.5302146
0.4043241
0.3976487
0.4957881
0.4913417
0.2444298
0.2112488
0.3417671
0.4211697
0.4700066
0.5407446
0.3258668
0.3452804
0.7395572
0.5271765
0.447626
0.3450368
0.3377313
0.5780635
0.3162971
0.2679663
0.1835124
0.6541973
0.6968782
0.5457344
0.4468147
0.5468602
0.4422579
0.3276133
0.5103285
0.3327127
0.6246897
0.5121211
0.5970944
0.3572521
0.5762001
0.5802432
0.6282101
0.4569395
0.2968
0.5496829
0.6472046
0.4579671
0.5557713
0.6451184
0.6476307
0.3412729
0.3007288
0.4492461
0.6683916
0.7938858
0.6268624
0.4545942
0.4077053
0.6278674
0.6108416
0.3767353
0.4877992
0.628703
0.5451063
0.561672
0.4643733
