0.461702
0.3678505
0.3176755
0.4889733
0.5722717
0.3710182
0.5061038
0.7630133
0.5918682
0.2736452
0.5048768
0.6905175
0.5754684
0.2346514
0.6222474
0.4491072
0.6913614
0.5900816
0.5043708
0.224041
0.7270439
0.4822141
0.4931032
0.2434122
0.4534911
0.5439863
0.4756086
0.5770707
0.686021
0.4536096
0.3634804
0.4983968
0.6480572
0.08041176
0.5392362
0.5307213
0.5710431
0.4716457
0.559213
0.3412141
0.8340038
0.5502692
0.6942772
0.545716
0.4359637
0.5264383
0.4775185
0.4581484
0.4849109
0.4992504
0.6791906
0.7232102
0.7488168
0.6808059
0.6613225
0.4464099
0.833672
0.6283412
0.5208334
0.585441
0.4203593
0.510657
0.4473031
0.5712625
0.1641079
0.614983
0.6967344
0.6287658
0.6066864
0.6184665
0.4325889
0.5870654
0.3003694
0.7799475
0.5393934
0.659624
0.4079438
0.5160776
0.5070876
0.2521254
0.5347704
0.5631679
0.4778145
0.6474567
0.3978478
0.5966064
0.4544316
0.501399
0.7241878
0.6176432
0.2628706
0.5628873
0.4784039
0.4457293
0.3301962
0.3671541
0.5254008
0.3249898
0.59969
0.3577658
