0.5248066
0.6360158
0.5381388
0.38124
0.5925169
0.2381382
0.6549071
0.3487006
0.5226249
0.5277669
0.2332856
0.5764299
0.54796
0.4054622
0.5317325
0.1851301
0.4547276
0.3007948
0.643143
0.2531974
0.5097249
0.5408097
0.5071829
0.5044717
0.4821979
0.5456399
0.4976817
0.3225765
0.5316209
0.2439365
0.2591068
0.433957
0.4225361
0.7839049
0.5671393
0.3760006
0.4561014
0.6472099
0.6261949
0.2522089
0.8392539
0.4179085
0.1898025
0.6813427
0.5042076
0.3383053
0.2350434
0.3704904
0.6120999
0.5719741
0.4924693
0.2263829
0.4289545
0.7180114
0.4640695
0.4299386
0.7248137
0.4383689
0.605573
0.487608
0.6706167
0.7243191
0.404584
0.5387931
0.4740906
0.4511631
0.5823348
0.3337318
0.500622
0.4096513
0.2543416
0.5642751
0.5961347
0.4859021
0.6394744
0.4614176
0.4912882
1.02953
0.6068466
0.5758902
0.6349179
0.7773879
0.3972236
0.4675244
0.5473147
0.2419652
0.3822541
0.1179422
0.6544556
0.5134054
0.593892
0.3959043
0.5226444
0.5017894
0.4659957
0.4172287
0.362143
0.3490845
0.4513346
0.6138559
