0.6439979
0.5680111
0.1434917
0.8500964
0.02880854
0.8010995
0.5513727
0.2489684
0.7160989
0.9955873
0.9732905
0.9890848
0.7429802
0.6346628
0.2087526
0.9584546
0.0284421
0.3854491
0.9392087
0.141687
0.1382137
0.8117036
0.6901072
0.463836
0.9138819
0.7246026
0.878893
0.7482018
0.4397752
0.8312176
0.2758298
0.602954
0.847704
0.5963681
0.1159767
0.3787752
0.4882788
0.02695316
0.6669758
0.3109449
0.09424238
0.4824294
0.7107967
0.12034
0.8048118
0.1893264
0.8720223
0.7667997
0.4546445
0.1402808
0.1120588
0.2830661
0.7220021
0.8249997
0.7223602
0.3848844
0.6970809
0.3129027
0.8737065
0.3910444
0.2636058
0.7157323
0.3018952
0.5107507
0.54957
0.8238317
0.9728416
0.4267047
0.5523022
0.003552912
0.07680909
0.5312797
0.7669966
0.1371013
0.05876945
0.3030433
0.6758207
0.7223753
0.4934986
0.2288967
0.4156364
0.4109197
0.5585972
0.5600276
0.8855098
0.7065637
0.3134513
0.06304057
0.4920709
0.7685251
0.2916384
0.1690951
0.727203
0.1617904
0.7007343
0.9901854
0.846533
0.7628789
0.7265407
0.4123164
