0.5076642
0.9304163
0.03663961
0.4001768
0.7652244
0.6436618
0.141356
0.1227056
0.3020682
0.869866
0.7858891
0.07440121
0.8563707
0.7134029
0.185973
0.6601442
0.8683002
0.4187758
0.9589679
0.03816005
0.5493996
0.9634465
0.2727661
0.5166951
0.2641693
0.8193647
0.9618428
0.7102315
0.7086528
0.6428618
0.08498791
0.1875279
0.8424237
0.6065128
0.7492493
0.7521618
0.4664581
0.3802236
0.4328925
0.6054587
0.3420264
0.7834665
0.7515071
0.3147758
0.7572163
0.9581197
0.9521261
0.5800058
0.6083973
0.8241908
0.02087911
0.9912067
0.5268688
0.6455183
0.8680443
0.9129985
0.9141177
0.08822149
0.2596732
0.4033466
0.8436995
0.1335943
0.6708255
0.8760165
0.6223783
0.9964269
0.3242609
0.42741
0.1226936
0.7447127
0.5521691
0.1641862
0.4610937
0.8206704
0.4611599
0.7757073
0.1476265
0.003870829
0.7696588
0.3743461
0.2180889
0.05053822
0.9414941
0.7591734
0.7682643
0.251488
0.3131733
0.182906
0.5005518
0.003501711
0.2332615
0.5545578
0.6913506
0.2974983
0.740757
0.6569186
0.3898837
0.6294696
0.4183974
0.5201151
