0.3975232
0.2148694
0.4682321
0.1582314
0.9766865
0.106784
0.6414102
0.437891
0.000168697
0.1285314
0.593218
0.4732172
0.3247062
0.1635419
0.4870842
0.403555
0.2290125
0.939243
0.6143324
0.5643309
0.1452786
0.4696755
0.4339397
0.7954062
0.6771419
0.5887675
0.006932004
0.462135
0.6648376
0.1118668
0.1965714
0.9213988
0.8529936
0.232752
0.3886799
0.1656839
0.4861825
0.2155572
0.1101347
0.6884345
0.2139812
0.6976348
0.1713854
0.2806293
0.6287297
0.05609406
0.1504724
0.7726785
0.97486
0.6879148
0.5637445
0.02827126
0.1985832
0.7612983
0.6924803
0.1325382
0.7189878
0.0373612
0.04781463
0.5021479
0.2330698
0.6605099
0.4424025
0.2215949
0.5211212
0.8643506
0.2682669
0.8252264
0.7038498
0.8277974
0.4554595
0.6601536
0.1670677
0.4959628
0.03623973
0.8308067
0.07275053
0.6723885
0.494779
0.6557138
0.8848619
0.7560504
0.05351664
0.9045323
0.8835478
0.8051808
0.07284911
0.2564257
0.7064204
0.258458
0.2810537
0.5823591
0.5271763
0.4448378
0.3675195
0.6468543
0.02581092
0.6336841
0.1793451
0.5789272
