0.9884098
0.5792546
0.1995
0.7714479
0.08212958
0.9386995
0.6501442
0.01954906
0.0786755
0.3485496
0.8697522
0.7361642
0.9688619
0.8758995
0.1664086
0.8874139
0.07707805
0.2857204
0.5699316
0.05728399
0.7225283
0.444712
0.2454012
0.7771529
0.002943623
0.5621237
0.6756813
0.805732
0.02416641
0.3294624
0.6359193
0.1501216
0.9856424
0.2398018
0.8510187
0.9954614
0.223678
0.3277217
0.6689454
0.2238991
0.06817234
0.4641762
0.1740971
0.6945614
0.10228
0.4772599
0.7664977
0.9224889
0.2521142
0.4702354
0.7071637
0.9672445
0.001402516
0.4301457
0.6484847
0.4442266
0.5093885
0.647267
0.9400515
0.01398832
0.2292994
0.6272109
0.4631209
0.3368785
0.8459505
0.7552848
0.4766241
0.5919433
0.6094131
0.6792043
0.9294296
0.1471037
0.7890932
0.2350828
0.8835203
0.6781485
0.2489442
0.3746506
0.7043761
0.3691601
0.8233605
0.0289677
0.6824588
0.9174546
0.8661545
0.7511053
0.007556819
0.1324878
0.382998
0.3887538
0.5042482
0.9970627
0.3936862
0.1838997
0.6311034
0.7673141
0.821235
0.8266608
0.7934839
0.5555522
