0.9158109
0.2839744
0.2649314
0.1763009
0.5337467
0.9136928
0.273664
0.02345772
0.8890899
0.1912312
0.8799657
0.5029314
0.1808271
0.3616273
0.820557
0.8473495
0.6126801
0.290491
0.6782024
0.5404765
0.2982802
0.9473291
0.8018381
0.1116372
0.8396175
0.2182916
0.1402914
0.1373322
0.7103894
0.426803
0.7832913
0.6832526
0.6695158
0.1843089
0.4721194
0.6796876
0.06729542
0.2971374
0.4036546
0.4896341
0.7959564
0.8928005
0.3491639
0.2510641
0.9528341
0.2633513
0.2889874
0.4238276
0.8225003
0.6676388
0.7832724
0.09317518
0.3207117
0.8112179
0.9388977
0.7762967
0.2996187
0.2579154
0.815238
0.9615663
0.167763
0.6862129
0.5599237
0.5575251
0.5100749
0.1863222
0.04582317
0.1704142
0.7985889
0.006900627
0.5139126
0.7445972
0.3758966
0.7185053
0.9423387
0.6984046
0.835244
0.7333471
0.9982956
0.6045429
0.1333363
0.06837572
0.3074344
0.4534291
0.001847346
0.5263639
0.7756342
0.7552994
0.5268582
0.09993939
0.6411429
0.1446513
0.03525195
0.6438345
0.1061795
0.3482912
0.4335992
0.1326969
0.9590775
0.2283981
