0.7461768
0.9215392
0.7738438
0.7340215
0.2942563
0.9953184
0.487285
0.493034
0.2196694
0.08185359
0.8824096
0.7424197
0.1632503
0.3726966
0.3069693
0.668337
0.5725119
0.1664269
0.7173994
0.4186265
0.3036143
0.9347235
0.02093843
0.1259001
0.2433302
0.6123827
0.01164484
0.9455219
0.7940031
0.06201692
0.03155725
0.2638532
0.9255212
0.8451492
0.07059252
0.944351
0.8490776
0.06635254
0.9055991
0.606726
0.5434084
0.8585299
0.8136408
0.2930482
0.3838328
0.8891838
0.9651813
0.9954193
0.6216477
0.3895666
0.7958437
0.6729187
0.05307225
0.2640797
0.6485614
0.714707
0.4428093
0.925134
0.2035484
0.8077959
0.03033294
0.3763599
0.544922
0.7953724
0.6683848
0.9624854
0.5789482
0.2551428
0.7855588
0.2283813
0.5021883
0.866542
0.209674
0.5958426
0.3859251
0.1976935
0.003471913
0.9552823
0.7012859
0.4125484
0.5976578
0.2905663
0.8325821
0.2696917
0.3951798
0.997328
0.7784743
0.6020619
0.7968994
0.06775866
0.0361339
0.03029442
0.4536055
0.5791199
0.1149275
0.4380541
0.6696356
0.3188702
0.5093823
0.04988277
