0.142721
0.5836122
0.6675586
0.3918708
0.2880079
0.1602458
0.2808724
0.4274087
0.1703494
0.3180754
0.3878889
0.3161448
0.7350285
0.5177494
0.873224
0.1425192
0.05621748
0.2429016
0.9268773
0.6742065
0.3607523
0.3977317
0.333845
0.8700415
0.1398651
0.6286044
0.7098568
0.8280883
0.5091902
0.03309844
0.7699571
0.3781214
0.199807
0.9156046
0.8037102
0.1986835
0.5339382
0.456365
0.1546509
0.5085696
0.8100261
0.6928494
0.02838318
0.8026797
0.2844443
0.7702659
0.3698627
0.7971068
0.5086326
0.08950757
0.8967123
0.2198364
0.5428083
0.6657694
0.9074147
0.741466
0.1090256
0.2523515
0.08144669
0.7959946
0.5613167
0.4037496
0.06962818
0.1609012
0.6356355
0.5615806
0.3062497
0.9680491
0.6806482
0.3293251
0.3731077
0.3971103
0.6280386
0.5214888
0.279895
0.5559892
0.4308696
0.630781
0.3691488
0.3701688
0.8450877
0.8203183
0.9061971
0.7467192
0.7086412
0.7299821
0.01938412
0.8185321
0.2434547
0.1733967
0.910082
0.6615235
0.5566276
0.4998199
0.5734994
0.02024044
0.2990869
0.4233493
0.9118743
0.5802701
