0.03560785
0.1495966
0.4767675
0.8883493
0.4866004
0.610127
0.4728792
0.6332456
0.8736349
0.1414276
0.6566955
0.7403031
0.7575769
0.8671449
0.8018352
0.1029079
0.7671412
0.2311311
0.03252885
0.5242372
0.8658735
0.03451031
0.569302
0.02343241
0.5122603
0.584655
0.1144588
0.2931139
0.1075985
0.004857307
0.5705891
0.6298175
0.1283519
0.1953258
0.6738529
0.4929945
0.7129329
0.0436035
0.5781974
0.3742841
0.5113052
0.7344954
0.7509117
0.7914689
0.7934264
0.7703583
0.03611998
0.07238458
0.5404193
0.2212426
0.779009
0.02634973
0.6886035
0.7881099
0.443722
0.8737157
0.9502618
0.7312898
0.8942257
0.0248859
0.549744
0.3785608
0.9479377
0.7501235
0.7014451
0.07892471
0.5622117
0.5758509
0.2822575
0.3623631
0.9964332
0.4261718
0.9110969
0.7398181
0.2993058
0.9621975
0.8754126
0.6329089
0.07104585
0.02510936
0.06480395
0.6296225
0.910412
0.5125493
0.1936527
0.2970069
0.3059738
0.7351732
0.3471467
0.2618133
0.7079792
0.9430836
0.5821932
0.1285866
0.7775214
0.4291275
0.2788745
0.4348446
0.5392669
0.4677735
