0.1814123
0.5860229
0.1147196
0.01455187
0.842259
0.8400987
0.9735389
0.6432452
0.2747765
0.2005746
0.8221819
0.1436874
0.4640926
0.3748678
0.7641235
0.9147728
0.2972159
0.4077348
0.1455041
0.8408464
0.499181
0.3555579
0.7171554
0.656843
0.6003622
0.8025819
0.3938733
0.4337285
0.7272068
0.5688796
0.3227324
0.4856123
0.6274767
0.1483114
0.9518177
0.7189385
0.4210193
0.7791129
0.6300079
0.735139
0.9686046
0.7369631
0.220457
0.08318762
0.348626
0.5879854
0.4973692
0.2985698
0.3998808
0.9550208
0.2022607
0.4134792
0.7847353
0.6115939
0.4589485
0.9368434
0.8546328
0.8421556
0.3091004
0.7345281
0.3808291
0.7861647
0.009448476
0.6068031
0.7165186
0.5670094
0.3199085
0.008404864
0.4008385
0.480718
0.00259913
0.291985
0.9616651
0.7353496
0.6462226
0.6446111
0.2952921
0.4028256
0.1597021
0.5580064
0.4827858
0.6511789
0.05113385
0.7453105
0.7137338
0.683658
0.7452948
0.8331207
0.6455379
0.7378202
0.1116008
0.828983
0.3061053
0.9628989
0.1309278
0.1228835
0.6389579
0.5118153
0.3434857
0.4654424
