0.08236513
0.6951268
0.2643968
0.6179702
0.6705068
0.9347453
0.3298398
0.900203
0.6618109
0.9362447
0.2423935
0.9616749
0.7628066
0.8276668
0.4105704
0.9378826
0.3464831
0.5176084
0.6041472
0.6638132
0.8263895
0.9617845
0.8429532
0.557082
0.1306453
0.41642
0.5047214
0.408745
0.3849358
0.9087886
0.107566
0.7549781
0.3055459
0.5196959
0.8717991
0.9893097
0.1639725
0.8777148
0.8982893
0.4925982
0.134997
0.5773279
0.2645147
0.4703263
0.8967981
0.7449749
0.1316502
0.6692196
0.772027
0.7485089
0.5796313
0.7388298
0.9253788
0.2891058
0.2477787
0.4938064
0.663034
0.1617965
0.8792933
0.01951331
0.6631596
0.5493806
0.4892953
0.6643244
0.1645996
0.3358716
0.333171
0.3254988
0.3067938
0.5529602
0.884114
0.4593441
0.01053485
0.9900433
0.9236699
0.06702871
0.6861382
0.20251
0.6998559
0.2831089
0.445414
0.3347928
0.6995372
0.7652391
0.5385479
0.3972453
0.4953169
0.8799346
0.6081446
0.9463985
0.8083705
0.4618699
0.9189698
0.4483615
0.9537474
0.6828526
0.2114582
0.3006726
0.7732745
0.1476155
